1.865889200000000026e+00
2.604470300000000016e+00
3.731778400000000051e+00
3.848396500000000220e+00
4.159378000000000242e+00
4.237123500000000043e+00
4.664723000000000397e+00
5.131195499999999576e+00
5.753158599999999900e+00
6.103012599999999566e+00
6.686103000000000129e+00
7.152575500000000197e+00
7.308066000000000173e+00
7.619047600000000031e+00
8.085520000000000707e+00
8.590865000000000862e+00
9.718173000000000172e+00
9.912537000000000376e+00
1.037900800000000068e+01
1.185617099999999979e+01
1.321671500000000066e+01
1.430515100000000039e+01
1.601554900000000004e+01
1.679300299999999879e+01
