1.350069023616751736e+02
5.565161389850364912e+02
1.011094772428898182e+03
1.049987930111898095e+03
1.148206451411963144e+03
1.171613222331421866e+03
1.293132071393566548e+03
1.413597289906835840e+03
1.558203695404063865e+03
1.632817757270027869e+03
1.748149478503082719e+03
1.833390411332548638e+03
1.860572651234426758e+03
1.913243934740058194e+03
1.988350852789496230e+03
2.064975987090533181e+03
2.220815998902312003e+03
2.245845155454320775e+03
2.303966848551567182e+03
2.472149086234179777e+03
2.609454378564557373e+03
2.709478281399772186e+03
2.852226748527948530e+03
2.912139760201137506e+03
