1.080000000000000071e+00
1.510000000000000009e+00
1.880000000000000115e+00
2.209999999999999964e+00
2.500000000000000000e+00
2.770000000000000018e+00
3.009999999999999787e+00
3.229999999999999982e+00
3.439999999999999947e+00
3.629999999999999893e+00
3.810000000000000053e+00
3.979999999999999982e+00
4.149999999999999467e+00
4.149999999999999467e+00
4.459999999999999964e+00
4.599999999999999645e+00
4.740000000000000213e+00
4.740000000000000213e+00
5.009999999999999787e+00
5.009999999999999787e+00
5.259999999999999787e+00
5.379999999999999893e+00
5.379999999999999893e+00
5.610000000000000320e+00
5.719999999999999751e+00
5.830000000000000071e+00
5.939999999999999503e+00
5.939999999999999503e+00
6.150000000000000355e+00
6.250000000000000000e+00
6.349999999999999645e+00
6.450000000000000178e+00
6.450000000000000178e+00
6.639999999999999680e+00
6.639999999999999680e+00
6.830000000000000071e+00
6.919999999999999929e+00
7.009999999999999787e+00
7.099999999999999645e+00
7.189999999999999503e+00
7.280000000000000249e+00
7.280000000000000249e+00
7.280000000000000249e+00
7.540000000000000036e+00
7.540000000000000036e+00
7.709999999999999964e+00
7.790000000000000036e+00
7.790000000000000036e+00
7.790000000000000036e+00
8.039999999999999147e+00
8.119999999999999218e+00
8.199999999999999289e+00
8.279999999999999361e+00
8.359999999999999432e+00
8.439999999999999503e+00
8.519999999999999574e+00
8.519999999999999574e+00
8.519999999999999574e+00
8.750000000000000000e+00
8.830000000000000071e+00
8.830000000000000071e+00
8.830000000000000071e+00
9.060000000000000497e+00
9.060000000000000497e+00
9.210000000000000853e+00
9.210000000000000853e+00
9.359999999999999432e+00
9.359999999999999432e+00
9.509999999999999787e+00
9.509999999999999787e+00
9.660000000000000142e+00
9.660000000000000142e+00
9.660000000000000142e+00
9.880000000000000782e+00
9.880000000000000782e+00
1.002999999999999936e+01
1.009999999999999964e+01
1.009999999999999964e+01
1.009999999999999964e+01
1.032000000000000028e+01
1.039000000000000057e+01
1.039000000000000057e+01
1.039000000000000057e+01
1.060999999999999943e+01
1.067999999999999972e+01
1.075000000000000000e+01
1.075000000000000000e+01
1.075000000000000000e+01
1.075000000000000000e+01
1.075000000000000000e+01
1.110999999999999943e+01
1.117999999999999972e+01
1.125000000000000000e+01
1.132000000000000028e+01
1.132000000000000028e+01
1.132000000000000028e+01
1.132000000000000028e+01
1.132000000000000028e+01
1.132000000000000028e+01
1.132000000000000028e+01
1.182000000000000028e+01
1.189000000000000057e+01
1.196000000000000085e+01
1.202999999999999936e+01
1.209999999999999964e+01
1.216999999999999993e+01
1.224000000000000021e+01
1.231000000000000050e+01
1.238000000000000078e+01
1.244999999999999929e+01
1.251999999999999957e+01
1.258999999999999986e+01
1.258999999999999986e+01
1.258999999999999986e+01
1.258999999999999986e+01
1.258999999999999986e+01
1.258999999999999986e+01
1.258999999999999986e+01
1.258999999999999986e+01
1.258999999999999986e+01
1.258999999999999986e+01
1.258999999999999986e+01
1.258999999999999986e+01
1.258999999999999986e+01
1.258999999999999986e+01
1.258999999999999986e+01
1.258999999999999986e+01
1.258999999999999986e+01
1.258999999999999986e+01
1.258999999999999986e+01
1.258999999999999986e+01
1.258999999999999986e+01
1.258999999999999986e+01
1.258999999999999986e+01
1.258999999999999986e+01
1.258999999999999986e+01
1.258999999999999986e+01
1.258999999999999986e+01
1.258999999999999986e+01
1.258999999999999986e+01
1.258999999999999986e+01
1.258999999999999986e+01
1.258999999999999986e+01
1.258999999999999986e+01
1.258999999999999986e+01
1.258999999999999986e+01
1.258999999999999986e+01
1.258999999999999986e+01
1.258999999999999986e+01
1.525999999999999979e+01
1.533000000000000007e+01
1.540000000000000036e+01
1.547000000000000064e+01
1.554000000000000092e+01
1.560999999999999943e+01
1.567999999999999972e+01
1.575000000000000000e+01
1.582000000000000028e+01
1.589000000000000057e+01
1.596000000000000085e+01
1.603000000000000114e+01
1.603000000000000114e+01
1.603000000000000114e+01
1.603000000000000114e+01
1.603000000000000114e+01
1.603000000000000114e+01
1.603000000000000114e+01
1.603000000000000114e+01
1.603000000000000114e+01
1.603000000000000114e+01
1.674000000000000199e+01
1.681000000000000227e+01
1.688000000000000256e+01
1.695000000000000284e+01
1.702000000000000313e+01
1.709000000000000341e+01
1.709000000000000341e+01
1.709000000000000341e+01
1.709000000000000341e+01
1.709000000000000341e+01
1.709000000000000341e+01
1.709000000000000341e+01
1.759000000000000341e+01
1.766000000000000369e+01
1.773000000000000043e+01
1.780000000000000071e+01
1.780000000000000071e+01
1.780000000000000071e+01
1.780000000000000071e+01
1.780000000000000071e+01
1.780000000000000071e+01
1.823000000000000043e+01
1.830000000000000071e+01
1.837000000000000099e+01
1.844000000000000128e+01
1.844000000000000128e+01
1.844000000000000128e+01
1.844000000000000128e+01
1.873000000000000043e+01
1.880000000000000071e+01
