2.589999999999999858e+00
3.209999999999999964e+00
3.719999999999999751e+00
4.149999999999999467e+00
4.540000000000000036e+00
4.899999999999999467e+00
5.229999999999999538e+00
5.549999999999999822e+00
5.839999999999999858e+00
6.129999999999999893e+00
6.410000000000000142e+00
6.669999999999999929e+00
6.929999999999999716e+00
7.179999999999999716e+00
7.429999999999999716e+00
7.669999999999999929e+00
7.910000000000000142e+00
8.140000000000000568e+00
8.369999999999999218e+00
8.599999999999999645e+00
8.820000000000000284e+00
9.039999999999999147e+00
9.269999999999999574e+00
9.480000000000000426e+00
9.699999999999999289e+00
9.919999999999999929e+00
1.013000000000000078e+01
1.033999999999999986e+01
1.055000000000000071e+01
1.075999999999999979e+01
1.097000000000000064e+01
1.117999999999999972e+01
1.139000000000000057e+01
1.159999999999999964e+01
1.181000000000000050e+01
1.200999999999999979e+01
1.222000000000000064e+01
1.241999999999999993e+01
1.263000000000000078e+01
1.283000000000000007e+01
1.304000000000000092e+01
1.324000000000000021e+01
1.344999999999999929e+01
1.365000000000000036e+01
1.385999999999999943e+01
1.406000000000000050e+01
1.425999999999999979e+01
1.447000000000000064e+01
1.466999999999999993e+01
1.486999999999999922e+01
1.508000000000000007e+01
1.527999999999999936e+01
1.548000000000000043e+01
1.568999999999999950e+01
1.589000000000000057e+01
1.610000000000000142e+01
1.630000000000000071e+01
1.650000000000000355e+01
1.671000000000000085e+01
1.691000000000000014e+01
1.711000000000000298e+01
1.732000000000000028e+01
1.752000000000000313e+01
1.773000000000000043e+01
1.793000000000000327e+01
1.814000000000000057e+01
1.834000000000000341e+01
1.855000000000000071e+01
1.875000000000000355e+01
1.896000000000000085e+01
1.916000000000000369e+01
1.937000000000000099e+01
1.957000000000000028e+01
1.978000000000000114e+01
1.998000000000000043e+01
2.019000000000000128e+01
2.039000000000000057e+01
2.060000000000000142e+01
2.081000000000000227e+01
2.101000000000000156e+01
2.122000000000000242e+01
2.143000000000000327e+01
2.163000000000000256e+01
2.184000000000000341e+01
2.205000000000000071e+01
2.225000000000000355e+01
2.246000000000000085e+01
2.267000000000000171e+01
2.287000000000000099e+01
2.308000000000000185e+01
2.329000000000000270e+01
2.350000000000000355e+01
2.371000000000000085e+01
2.391000000000000369e+01
2.412000000000000099e+01
2.433000000000000185e+01
2.454000000000000270e+01
2.475000000000000355e+01
2.496000000000000085e+01
2.517000000000000171e+01
2.537000000000000099e+01
2.558000000000000185e+01
2.579000000000000270e+01
2.600000000000000355e+01
2.621000000000000085e+01
2.642000000000000171e+01
2.663000000000000256e+01
2.684000000000000341e+01
2.705000000000000071e+01
2.726000000000000156e+01
2.747000000000000242e+01
2.768000000000000327e+01
2.789000000000000057e+01
2.810000000000000142e+01
2.831000000000000227e+01
2.852000000000000313e+01
2.874000000000000199e+01
2.895000000000000284e+01
2.916000000000000369e+01
2.937000000000000099e+01
2.958000000000000185e+01
2.979000000000000270e+01
3.000000000000000355e+01
3.021000000000000085e+01
3.043000000000000327e+01
3.064000000000000057e+01
3.085000000000000142e+01
3.106000000000000227e+01
3.127000000000000313e+01
3.149000000000000199e+01
3.170000000000000284e+01
3.191000000000000369e+01
3.211999999999999744e+01
3.233999999999999631e+01
3.254999999999999716e+01
3.275999999999999801e+01
3.296999999999999886e+01
3.318999999999999773e+01
3.339999999999999858e+01
3.360999999999999943e+01
3.382999999999999829e+01
3.403999999999999915e+01
3.425000000000000000e+01
3.446000000000000085e+01
3.467999999999999972e+01
3.489000000000000057e+01
3.510999999999999943e+01
3.532000000000000028e+01
3.553000000000000114e+01
3.575000000000000000e+01
3.596000000000000085e+01
3.617000000000000171e+01
3.639000000000000057e+01
3.660000000000000142e+01
3.682000000000000028e+01
3.703000000000000114e+01
3.724000000000000199e+01
3.746000000000000085e+01
3.767000000000000171e+01
3.789000000000000057e+01
3.810000000000000142e+01
3.832000000000000028e+01
3.853000000000000114e+01
3.875000000000000000e+01
3.896000000000000085e+01
3.917999999999999972e+01
3.939000000000000057e+01
3.960999999999999943e+01
3.982000000000000028e+01
4.003999999999999915e+01
4.025000000000000000e+01
4.046999999999999886e+01
4.067999999999999972e+01
4.089999999999999858e+01
4.110999999999999943e+01
4.132999999999999829e+01
4.153999999999999915e+01
4.175999999999999801e+01
4.196999999999999886e+01
4.218999999999999773e+01
4.240999999999999659e+01
4.261999999999999744e+01
4.283999999999999631e+01
4.304999999999999716e+01
4.326999999999999602e+01
4.349000000000000199e+01
4.369999999999999574e+01
4.392000000000000171e+01
4.412999999999999545e+01
4.435000000000000142e+01
4.457000000000000028e+01
4.478000000000000114e+01
4.500000000000000000e+01
4.521000000000000085e+01
4.542999999999999972e+01
4.564999999999999858e+01
4.585999999999999943e+01
4.607999999999999829e+01
4.629999999999999716e+01
4.650999999999999801e+01
