3.155736695233731552e+03
4.013412169822609485e+03
5.298104414668582649e+03
5.431035008394672332e+03
5.784302613639348237e+03
5.872619514950516532e+03
6.359728197439953874e+03
6.891450572344310785e+03
7.602538200427022275e+03
8.004061432161304765e+03
8.674177301903780972e+03
9.211362577920170224e+03
9.390727831098523893e+03
9.749458337455229412e+03
1.028937506402763574e+04
1.087481596653362976e+04
1.218409126638374437e+04
1.241080166253303287e+04
1.295436032318012440e+04
1.467972659106327046e+04
1.627398323225767126e+04
1.755139160895426903e+04
1.956447066873771837e+04
2.048041708852159354e+04
