1.699999999999999956e+00
2.209999999999999964e+00
2.609999999999999876e+00
2.939999999999999947e+00
3.239999999999999769e+00
3.500000000000000000e+00
3.739999999999999769e+00
3.949999999999999734e+00
4.160000000000000142e+00
4.160000000000000142e+00
4.519999999999999574e+00
4.689999999999999503e+00
4.849999999999999645e+00
5.000000000000000000e+00
5.149999999999999467e+00
5.290000000000000036e+00
5.419999999999999929e+00
5.419999999999999929e+00
5.679999999999999716e+00
5.799999999999999822e+00
5.919999999999999929e+00
6.040000000000000036e+00
6.150000000000000355e+00
6.259999999999999787e+00
6.370000000000000107e+00
6.370000000000000107e+00
6.580000000000000071e+00
6.679999999999999716e+00
6.780000000000000249e+00
6.879999999999999893e+00
6.879999999999999893e+00
7.070000000000000284e+00
7.160000000000000142e+00
7.250000000000000000e+00
7.250000000000000000e+00
7.429999999999999716e+00
7.519999999999999574e+00
7.610000000000000320e+00
7.610000000000000320e+00
7.780000000000000249e+00
7.860000000000000320e+00
7.860000000000000320e+00
8.029999999999999361e+00
8.109999999999999432e+00
8.189999999999999503e+00
8.269999999999999574e+00
8.349999999999999645e+00
8.429999999999999716e+00
8.429999999999999716e+00
8.429999999999999716e+00
8.660000000000000142e+00
8.660000000000000142e+00
8.660000000000000142e+00
8.890000000000000568e+00
8.890000000000000568e+00
9.039999999999999147e+00
9.109999999999999432e+00
9.109999999999999432e+00
9.259999999999999787e+00
9.330000000000000071e+00
9.330000000000000071e+00
9.330000000000000071e+00
9.330000000000000071e+00
9.619999999999999218e+00
9.689999999999999503e+00
9.759999999999999787e+00
9.830000000000000071e+00
9.900000000000000355e+00
9.970000000000000639e+00
1.003999999999999915e+01
1.010999999999999943e+01
1.017999999999999972e+01
1.025000000000000000e+01
1.025000000000000000e+01
1.025000000000000000e+01
1.025000000000000000e+01
1.051999999999999957e+01
1.058999999999999986e+01
1.066000000000000014e+01
1.066000000000000014e+01
1.066000000000000014e+01
1.085999999999999943e+01
1.085999999999999943e+01
1.085999999999999943e+01
1.106000000000000050e+01
1.113000000000000078e+01
1.113000000000000078e+01
1.125999999999999979e+01
1.133000000000000007e+01
1.133000000000000007e+01
1.146000000000000085e+01
1.146000000000000085e+01
1.158999999999999986e+01
1.166000000000000014e+01
1.166000000000000014e+01
1.178999999999999915e+01
1.178999999999999915e+01
1.191999999999999993e+01
1.191999999999999993e+01
1.205000000000000071e+01
1.205000000000000071e+01
1.217999999999999972e+01
1.217999999999999972e+01
1.217999999999999972e+01
1.238000000000000078e+01
1.238000000000000078e+01
1.250999999999999979e+01
1.250999999999999979e+01
1.264000000000000057e+01
1.264000000000000057e+01
1.264000000000000057e+01
1.283000000000000007e+01
1.283000000000000007e+01
1.296000000000000085e+01
1.296000000000000085e+01
1.308999999999999986e+01
1.308999999999999986e+01
1.322000000000000064e+01
1.322000000000000064e+01
1.334999999999999964e+01
1.334999999999999964e+01
1.348000000000000043e+01
1.348000000000000043e+01
1.348000000000000043e+01
1.366999999999999993e+01
1.366999999999999993e+01
1.380000000000000071e+01
1.380000000000000071e+01
1.392999999999999972e+01
1.392999999999999972e+01
1.406000000000000050e+01
1.406000000000000050e+01
1.406000000000000050e+01
1.425000000000000000e+01
1.425000000000000000e+01
1.438000000000000078e+01
1.438000000000000078e+01
1.450999999999999979e+01
1.450999999999999979e+01
1.464000000000000057e+01
1.469999999999999929e+01
1.469999999999999929e+01
1.483000000000000007e+01
1.483000000000000007e+01
1.496000000000000085e+01
1.496000000000000085e+01
1.508999999999999986e+01
1.508999999999999986e+01
1.522000000000000064e+01
1.527999999999999936e+01
1.527999999999999936e+01
1.541000000000000014e+01
1.541000000000000014e+01
1.554000000000000092e+01
1.554000000000000092e+01
1.566999999999999993e+01
1.566999999999999993e+01
1.580000000000000071e+01
1.580000000000000071e+01
1.580000000000000071e+01
1.599000000000000021e+01
1.599000000000000021e+01
1.612000000000000099e+01
1.612000000000000099e+01
1.625000000000000355e+01
1.625000000000000355e+01
1.638000000000000256e+01
1.638000000000000256e+01
1.651000000000000156e+01
1.651000000000000156e+01
1.664000000000000057e+01
1.664000000000000057e+01
1.677000000000000313e+01
1.677000000000000313e+01
1.690000000000000213e+01
1.690000000000000213e+01
1.703000000000000114e+01
1.703000000000000114e+01
1.716000000000000369e+01
1.716000000000000369e+01
1.729000000000000270e+01
1.729000000000000270e+01
1.742000000000000171e+01
1.742000000000000171e+01
1.755000000000000071e+01
1.755000000000000071e+01
1.768000000000000327e+01
1.768000000000000327e+01
1.781000000000000227e+01
1.781000000000000227e+01
1.794000000000000128e+01
1.794000000000000128e+01
1.807000000000000028e+01
1.807000000000000028e+01
1.820000000000000284e+01
1.820000000000000284e+01
1.833000000000000185e+01
1.833000000000000185e+01
1.846000000000000085e+01
1.846000000000000085e+01
