1.040000000000000036e+00
1.479999999999999982e+00
1.850000000000000089e+00
2.179999999999999716e+00
2.479999999999999982e+00
2.739999999999999769e+00
2.989999999999999769e+00
3.209999999999999964e+00
3.419999999999999929e+00
3.619999999999999662e+00
3.799999999999999822e+00
3.979999999999999982e+00
3.979999999999999982e+00
4.299999999999999822e+00
4.459999999999999964e+00
4.599999999999999645e+00
4.740000000000000213e+00
4.879999999999999893e+00
5.009999999999999787e+00
5.139999999999999680e+00
5.259999999999999787e+00
5.259999999999999787e+00
5.500000000000000000e+00
5.500000000000000000e+00
5.729999999999999538e+00
5.839999999999999858e+00
5.839999999999999858e+00
6.049999999999999822e+00
6.150000000000000355e+00
6.150000000000000355e+00
6.349999999999999645e+00
6.450000000000000178e+00
6.450000000000000178e+00
6.639999999999999680e+00
6.639999999999999680e+00
6.639999999999999680e+00
6.919999999999999929e+00
7.009999999999999787e+00
7.009999999999999787e+00
7.009999999999999787e+00
7.269999999999999574e+00
7.269999999999999574e+00
7.439999999999999503e+00
7.439999999999999503e+00
7.439999999999999503e+00
7.689999999999999503e+00
7.769999999999999574e+00
7.849999999999999645e+00
7.929999999999999716e+00
8.009999999999999787e+00
8.089999999999999858e+00
8.169999999999999929e+00
8.169999999999999929e+00
8.169999999999999929e+00
8.400000000000000355e+00
8.400000000000000355e+00
8.550000000000000711e+00
8.550000000000000711e+00
8.699999999999999289e+00
8.699999999999999289e+00
8.849999999999999645e+00
8.849999999999999645e+00
9.000000000000000000e+00
9.070000000000000284e+00
9.070000000000000284e+00
9.070000000000000284e+00
9.289999999999999147e+00
9.359999999999999432e+00
9.429999999999999716e+00
9.500000000000000000e+00
9.500000000000000000e+00
9.500000000000000000e+00
9.500000000000000000e+00
9.500000000000000000e+00
9.500000000000000000e+00
9.500000000000000000e+00
9.500000000000000000e+00
9.500000000000000000e+00
1.013000000000000078e+01
1.019999999999999929e+01
1.026999999999999957e+01
1.033999999999999986e+01
1.033999999999999986e+01
1.033999999999999986e+01
1.033999999999999986e+01
1.060999999999999943e+01
1.067999999999999972e+01
1.075000000000000000e+01
1.075000000000000000e+01
1.075000000000000000e+01
1.094999999999999929e+01
1.101999999999999957e+01
1.101999999999999957e+01
1.115000000000000036e+01
1.122000000000000064e+01
1.122000000000000064e+01
1.122000000000000064e+01
1.141999999999999993e+01
1.141999999999999993e+01
1.141999999999999993e+01
1.161999999999999922e+01
1.161999999999999922e+01
1.161999999999999922e+01
1.182000000000000028e+01
1.182000000000000028e+01
1.194999999999999929e+01
1.194999999999999929e+01
1.194999999999999929e+01
1.215000000000000036e+01
1.215000000000000036e+01
1.227999999999999936e+01
1.227999999999999936e+01
1.227999999999999936e+01
1.248000000000000043e+01
1.248000000000000043e+01
1.260999999999999943e+01
1.260999999999999943e+01
1.274000000000000021e+01
1.281000000000000050e+01
1.281000000000000050e+01
1.293999999999999950e+01
1.293999999999999950e+01
1.307000000000000028e+01
1.307000000000000028e+01
1.319999999999999929e+01
1.319999999999999929e+01
1.333000000000000007e+01
1.340000000000000036e+01
1.340000000000000036e+01
1.352999999999999936e+01
1.352999999999999936e+01
1.366000000000000014e+01
1.366000000000000014e+01
1.379000000000000092e+01
1.379000000000000092e+01
1.391999999999999993e+01
1.391999999999999993e+01
1.405000000000000071e+01
1.405000000000000071e+01
1.405000000000000071e+01
1.425000000000000000e+01
1.425000000000000000e+01
1.438000000000000078e+01
1.438000000000000078e+01
1.450999999999999979e+01
1.450999999999999979e+01
1.464000000000000057e+01
1.464000000000000057e+01
1.476999999999999957e+01
1.476999999999999957e+01
1.490000000000000036e+01
1.490000000000000036e+01
1.490000000000000036e+01
1.509999999999999964e+01
1.509999999999999964e+01
1.523000000000000043e+01
1.523000000000000043e+01
1.535999999999999943e+01
1.535999999999999943e+01
1.549000000000000021e+01
1.549000000000000021e+01
1.562000000000000099e+01
1.568999999999999950e+01
1.568999999999999950e+01
1.582000000000000028e+01
1.582000000000000028e+01
1.594999999999999929e+01
1.594999999999999929e+01
1.608000000000000185e+01
1.608000000000000185e+01
1.608000000000000185e+01
1.628000000000000114e+01
1.628000000000000114e+01
1.641000000000000014e+01
1.641000000000000014e+01
1.654000000000000270e+01
1.654000000000000270e+01
1.654000000000000270e+01
1.674000000000000199e+01
1.674000000000000199e+01
1.687000000000000099e+01
1.687000000000000099e+01
1.700000000000000355e+01
1.707000000000000028e+01
1.707000000000000028e+01
1.720000000000000284e+01
1.720000000000000284e+01
1.733000000000000185e+01
1.740000000000000213e+01
1.740000000000000213e+01
1.753000000000000114e+01
1.753000000000000114e+01
1.766000000000000369e+01
1.773000000000000043e+01
1.773000000000000043e+01
1.786000000000000298e+01
1.786000000000000298e+01
1.786000000000000298e+01
1.806000000000000227e+01
1.806000000000000227e+01
