3.132223565356544555e+02
4.388753650769443766e+02
6.555812783582994143e+02
9.105294116304817180e+02
1.209182939177895150e+03
1.655342172404214352e+03
1.700868624774246882e+03
1.824700575220735345e+03
1.855658562832357575e+03
2.023195907554077166e+03
2.207122775129008915e+03
2.451144559832383038e+03
2.587723916942481083e+03
2.817177236887444906e+03
2.999283046367575480e+03
3.059377963496018310e+03
3.181388855847705145e+03
3.363494665327836174e+03
3.561989997661177313e+03
4.002686056603092766e+03
4.077349438489946351e+03
4.259455247970076925e+03
4.836730664022089513e+03
5.368479627704070481e+03
5.792786163792772641e+03
6.459293426490050479e+03
6.763410128321866978e+03
