1.280000000000000027e+00
1.760000000000000009e+00
2.159999999999999698e+00
2.509999999999999787e+00
2.810000000000000053e+00
3.089999999999999858e+00
3.339999999999999858e+00
3.580000000000000071e+00
3.799999999999999822e+00
4.009999999999999787e+00
4.200000000000000178e+00
4.389999999999999680e+00
4.570000000000000284e+00
4.740000000000000213e+00
4.899999999999999467e+00
5.059999999999999609e+00
5.219999999999999751e+00
5.370000000000000107e+00
5.370000000000000107e+00
5.660000000000000142e+00
5.799999999999999822e+00
5.799999999999999822e+00
6.070000000000000284e+00
6.200000000000000178e+00
6.330000000000000071e+00
6.330000000000000071e+00
6.580000000000000071e+00
6.580000000000000071e+00
6.580000000000000071e+00
6.580000000000000071e+00
6.580000000000000071e+00
7.179999999999999716e+00
7.299999999999999822e+00
7.410000000000000142e+00
7.410000000000000142e+00
7.639999999999999680e+00
7.750000000000000000e+00
7.860000000000000320e+00
7.969999999999999751e+00
8.080000000000000071e+00
8.189999999999999503e+00
8.300000000000000711e+00
8.300000000000000711e+00
8.509999999999999787e+00
8.619999999999999218e+00
8.720000000000000639e+00
8.830000000000000071e+00
8.929999999999999716e+00
8.929999999999999716e+00
9.140000000000000568e+00
9.240000000000000213e+00
9.240000000000000213e+00
9.449999999999999289e+00
9.550000000000000711e+00
9.650000000000000355e+00
9.750000000000000000e+00
9.750000000000000000e+00
9.750000000000000000e+00
9.750000000000000000e+00
9.750000000000000000e+00
9.750000000000000000e+00
9.750000000000000000e+00
9.750000000000000000e+00
9.750000000000000000e+00
9.750000000000000000e+00
9.750000000000000000e+00
1.084999999999999964e+01
1.094999999999999929e+01
1.105000000000000071e+01
1.115000000000000036e+01
1.125000000000000000e+01
1.125000000000000000e+01
1.125000000000000000e+01
1.153999999999999915e+01
1.164000000000000057e+01
1.174000000000000021e+01
1.183999999999999986e+01
1.183999999999999986e+01
1.202999999999999936e+01
1.213000000000000078e+01
1.223000000000000043e+01
1.223000000000000043e+01
1.223000000000000043e+01
1.251999999999999957e+01
1.261999999999999922e+01
1.261999999999999922e+01
1.261999999999999922e+01
1.291000000000000014e+01
1.300999999999999979e+01
1.300999999999999979e+01
1.300999999999999979e+01
1.330000000000000071e+01
1.340000000000000036e+01
1.340000000000000036e+01
1.340000000000000036e+01
1.368999999999999950e+01
1.379000000000000092e+01
1.379000000000000092e+01
1.379000000000000092e+01
1.408000000000000007e+01
1.417999999999999972e+01
1.417999999999999972e+01
1.417999999999999972e+01
1.447000000000000064e+01
1.457000000000000028e+01
1.457000000000000028e+01
1.457000000000000028e+01
1.485999999999999943e+01
1.496000000000000085e+01
1.496000000000000085e+01
1.496000000000000085e+01
1.525000000000000000e+01
1.534999999999999964e+01
1.534999999999999964e+01
1.534999999999999964e+01
1.564000000000000057e+01
1.574000000000000021e+01
1.583999999999999986e+01
1.583999999999999986e+01
1.583999999999999986e+01
1.613000000000000256e+01
1.623000000000000043e+01
1.633000000000000185e+01
1.633000000000000185e+01
1.633000000000000185e+01
1.662000000000000099e+01
1.672000000000000242e+01
1.682000000000000028e+01
1.682000000000000028e+01
1.682000000000000028e+01
1.711000000000000298e+01
1.721000000000000085e+01
1.731000000000000227e+01
1.741000000000000369e+01
1.741000000000000369e+01
1.741000000000000369e+01
1.741000000000000369e+01
1.780000000000000071e+01
1.790000000000000213e+01
1.800000000000000355e+01
1.810000000000000142e+01
1.810000000000000142e+01
1.810000000000000142e+01
1.810000000000000142e+01
1.810000000000000142e+01
1.859000000000000341e+01
1.869000000000000128e+01
1.879000000000000270e+01
1.889000000000000057e+01
1.899000000000000199e+01
1.909000000000000341e+01
1.909000000000000341e+01
1.909000000000000341e+01
1.909000000000000341e+01
1.909000000000000341e+01
1.909000000000000341e+01
1.968000000000000327e+01
1.978000000000000114e+01
1.988000000000000256e+01
1.998000000000000043e+01
2.008000000000000185e+01
2.018000000000000327e+01
2.028000000000000114e+01
2.038000000000000256e+01
2.048000000000000043e+01
2.058000000000000185e+01
2.068000000000000327e+01
2.078000000000000114e+01
2.088000000000000256e+01
2.098000000000000043e+01
2.108000000000000185e+01
2.118000000000000327e+01
2.128000000000000114e+01
2.138000000000000256e+01
2.148000000000000043e+01
2.158000000000000185e+01
2.168000000000000327e+01
2.178000000000000114e+01
2.188000000000000256e+01
2.198000000000000043e+01
2.208000000000000185e+01
2.218000000000000327e+01
2.228000000000000114e+01
2.238000000000000256e+01
2.248000000000000043e+01
2.258000000000000185e+01
2.268000000000000327e+01
2.278000000000000114e+01
2.288000000000000256e+01
2.298000000000000043e+01
2.308000000000000185e+01
2.308000000000000185e+01
2.308000000000000185e+01
2.308000000000000185e+01
2.308000000000000185e+01
2.308000000000000185e+01
2.369000000000000128e+01
2.379000000000000270e+01
2.389000000000000057e+01
2.399000000000000199e+01
