1.719999999999999973e+00
2.209999999999999964e+00
2.599999999999999645e+00
2.929999999999999716e+00
3.219999999999999751e+00
3.469999999999999751e+00
3.709999999999999964e+00
3.919999999999999929e+00
4.120000000000000107e+00
4.299999999999999822e+00
4.479999999999999538e+00
4.639999999999999680e+00
4.799999999999999822e+00
4.950000000000000178e+00
5.099999999999999645e+00
5.099999999999999645e+00
5.370000000000000107e+00
5.500000000000000000e+00
5.500000000000000000e+00
5.750000000000000000e+00
5.870000000000000107e+00
5.979999999999999538e+00
5.979999999999999538e+00
6.209999999999999964e+00
6.209999999999999964e+00
6.419999999999999929e+00
6.419999999999999929e+00
6.629999999999999893e+00
6.729999999999999538e+00
6.729999999999999538e+00
6.729999999999999538e+00
7.019999999999999574e+00
7.019999999999999574e+00
7.019999999999999574e+00
7.299999999999999822e+00
7.389999999999999680e+00
7.479999999999999538e+00
7.570000000000000284e+00
7.570000000000000284e+00
7.740000000000000213e+00
7.830000000000000071e+00
7.830000000000000071e+00
7.830000000000000071e+00
8.080000000000000071e+00
8.080000000000000071e+00
8.080000000000000071e+00
8.080000000000000071e+00
8.410000000000000142e+00
8.490000000000000213e+00
8.570000000000000284e+00
8.650000000000000355e+00
8.650000000000000355e+00
8.650000000000000355e+00
8.650000000000000355e+00
8.960000000000000853e+00
8.960000000000000853e+00
8.960000000000000853e+00
9.189999999999999503e+00
9.189999999999999503e+00
9.339999999999999858e+00
9.339999999999999858e+00
9.490000000000000213e+00
9.490000000000000213e+00
9.640000000000000568e+00
9.640000000000000568e+00
9.789999999999999147e+00
9.789999999999999147e+00
9.789999999999999147e+00
1.000999999999999979e+01
1.008000000000000007e+01
1.008000000000000007e+01
1.008000000000000007e+01
1.030000000000000071e+01
1.036999999999999922e+01
1.036999999999999922e+01
1.036999999999999922e+01
1.036999999999999922e+01
1.066000000000000014e+01
1.073000000000000043e+01
1.080000000000000071e+01
1.080000000000000071e+01
1.080000000000000071e+01
1.080000000000000071e+01
1.080000000000000071e+01
1.080000000000000071e+01
1.080000000000000071e+01
1.080000000000000071e+01
1.080000000000000071e+01
1.080000000000000071e+01
1.080000000000000071e+01
1.158000000000000007e+01
1.165000000000000036e+01
1.165000000000000036e+01
1.165000000000000036e+01
1.165000000000000036e+01
1.165000000000000036e+01
1.165000000000000036e+01
1.165000000000000036e+01
1.165000000000000036e+01
1.165000000000000036e+01
1.165000000000000036e+01
1.165000000000000036e+01
1.165000000000000036e+01
1.165000000000000036e+01
1.255000000000000071e+01
1.261999999999999922e+01
1.268999999999999950e+01
1.275999999999999979e+01
1.283000000000000007e+01
1.290000000000000036e+01
1.297000000000000064e+01
1.297000000000000064e+01
1.297000000000000064e+01
1.297000000000000064e+01
1.297000000000000064e+01
1.297000000000000064e+01
1.338000000000000078e+01
1.344999999999999929e+01
1.351999999999999957e+01
1.358999999999999986e+01
1.366000000000000014e+01
1.373000000000000043e+01
1.373000000000000043e+01
1.373000000000000043e+01
1.373000000000000043e+01
1.373000000000000043e+01
1.373000000000000043e+01
1.414000000000000057e+01
1.421000000000000085e+01
1.427999999999999936e+01
1.434999999999999964e+01
1.441999999999999993e+01
1.441999999999999993e+01
1.441999999999999993e+01
1.441999999999999993e+01
1.441999999999999993e+01
1.441999999999999993e+01
1.441999999999999993e+01
1.490000000000000036e+01
1.497000000000000064e+01
1.504000000000000092e+01
1.510999999999999943e+01
1.517999999999999972e+01
1.525000000000000000e+01
1.525000000000000000e+01
1.525000000000000000e+01
1.525000000000000000e+01
1.525000000000000000e+01
1.525000000000000000e+01
1.525000000000000000e+01
1.525000000000000000e+01
1.525000000000000000e+01
1.587000000000000099e+01
1.593999999999999950e+01
1.601000000000000156e+01
1.608000000000000185e+01
1.615000000000000213e+01
1.622000000000000242e+01
1.629000000000000270e+01
1.636000000000000298e+01
1.643000000000000327e+01
1.650000000000000355e+01
1.650000000000000355e+01
1.650000000000000355e+01
1.650000000000000355e+01
1.650000000000000355e+01
1.650000000000000355e+01
1.650000000000000355e+01
1.650000000000000355e+01
1.650000000000000355e+01
1.650000000000000355e+01
1.650000000000000355e+01
1.650000000000000355e+01
1.650000000000000355e+01
1.650000000000000355e+01
1.650000000000000355e+01
1.650000000000000355e+01
1.650000000000000355e+01
1.650000000000000355e+01
1.650000000000000355e+01
1.650000000000000355e+01
1.650000000000000355e+01
1.650000000000000355e+01
1.650000000000000355e+01
1.650000000000000355e+01
1.650000000000000355e+01
1.650000000000000355e+01
1.650000000000000355e+01
1.650000000000000355e+01
1.650000000000000355e+01
1.853000000000000114e+01
1.860000000000000142e+01
1.867000000000000171e+01
1.874000000000000199e+01
1.881000000000000227e+01
1.888000000000000256e+01
1.895000000000000284e+01
1.902000000000000313e+01
1.909000000000000341e+01
1.909000000000000341e+01
