1.900000000000000133e+00
2.399999999999999911e+00
2.810000000000000053e+00
3.149999999999999911e+00
3.439999999999999947e+00
3.709999999999999964e+00
3.949999999999999734e+00
4.179999999999999716e+00
4.389999999999999680e+00
4.589999999999999858e+00
4.780000000000000249e+00
4.959999999999999964e+00
5.129999999999999893e+00
5.129999999999999893e+00
5.129999999999999893e+00
5.610000000000000320e+00
5.759999999999999787e+00
5.759999999999999787e+00
6.049999999999999822e+00
6.049999999999999822e+00
6.320000000000000284e+00
6.320000000000000284e+00
6.320000000000000284e+00
6.709999999999999964e+00
6.839999999999999858e+00
6.959999999999999964e+00
6.959999999999999964e+00
6.959999999999999964e+00
6.959999999999999964e+00
7.439999999999999503e+00
7.559999999999999609e+00
7.669999999999999929e+00
7.669999999999999929e+00
7.900000000000000355e+00
8.009999999999999787e+00
8.119999999999999218e+00
8.230000000000000426e+00
8.339999999999999858e+00
8.339999999999999858e+00
8.550000000000000711e+00
8.660000000000000142e+00
8.660000000000000142e+00
8.869999999999999218e+00
8.869999999999999218e+00
9.080000000000000071e+00
9.179999999999999716e+00
9.179999999999999716e+00
9.390000000000000568e+00
9.490000000000000213e+00
9.589999999999999858e+00
9.689999999999999503e+00
9.689999999999999503e+00
9.689999999999999503e+00
9.689999999999999503e+00
9.689999999999999503e+00
9.689999999999999503e+00
9.689999999999999503e+00
1.039000000000000057e+01
1.049000000000000021e+01
1.058999999999999986e+01
1.068999999999999950e+01
1.078999999999999915e+01
1.078999999999999915e+01
1.078999999999999915e+01
1.108000000000000007e+01
1.117999999999999972e+01
1.127999999999999936e+01
1.127999999999999936e+01
1.147000000000000064e+01
1.157000000000000028e+01
1.157000000000000028e+01
1.157000000000000028e+01
1.185999999999999943e+01
1.196000000000000085e+01
1.196000000000000085e+01
1.215000000000000036e+01
1.225000000000000000e+01
1.225000000000000000e+01
1.243999999999999950e+01
1.254000000000000092e+01
1.254000000000000092e+01
1.273000000000000043e+01
1.273000000000000043e+01
1.291999999999999993e+01
1.301999999999999957e+01
1.301999999999999957e+01
1.321000000000000085e+01
1.331000000000000050e+01
1.331000000000000050e+01
1.350000000000000000e+01
1.350000000000000000e+01
1.368999999999999950e+01
1.379000000000000092e+01
1.379000000000000092e+01
1.398000000000000043e+01
1.408000000000000007e+01
1.408000000000000007e+01
1.426999999999999957e+01
1.426999999999999957e+01
1.446000000000000085e+01
1.456000000000000050e+01
1.456000000000000050e+01
1.475000000000000000e+01
1.484999999999999964e+01
1.484999999999999964e+01
1.504000000000000092e+01
1.504000000000000092e+01
1.504000000000000092e+01
1.533000000000000007e+01
1.533000000000000007e+01
1.551999999999999957e+01
1.562000000000000099e+01
1.562000000000000099e+01
1.581000000000000050e+01
1.591000000000000014e+01
1.591000000000000014e+01
1.610000000000000142e+01
1.620000000000000284e+01
1.620000000000000284e+01
1.639000000000000057e+01
1.649000000000000199e+01
1.649000000000000199e+01
1.649000000000000199e+01
1.678000000000000114e+01
1.688000000000000256e+01
1.688000000000000256e+01
1.707000000000000028e+01
1.717000000000000171e+01
1.717000000000000171e+01
1.717000000000000171e+01
1.746000000000000085e+01
1.756000000000000227e+01
1.756000000000000227e+01
1.775000000000000355e+01
1.785000000000000142e+01
1.795000000000000284e+01
1.795000000000000284e+01
1.814000000000000057e+01
1.824000000000000199e+01
1.834000000000000341e+01
1.834000000000000341e+01
1.834000000000000341e+01
1.863000000000000256e+01
1.873000000000000043e+01
1.873000000000000043e+01
1.873000000000000043e+01
1.902000000000000313e+01
1.912000000000000099e+01
1.922000000000000242e+01
1.932000000000000028e+01
1.932000000000000028e+01
1.932000000000000028e+01
1.961000000000000298e+01
1.971000000000000085e+01
1.981000000000000227e+01
1.981000000000000227e+01
1.981000000000000227e+01
1.981000000000000227e+01
2.020000000000000284e+01
2.030000000000000071e+01
2.040000000000000213e+01
2.050000000000000355e+01
2.050000000000000355e+01
2.050000000000000355e+01
2.050000000000000355e+01
2.050000000000000355e+01
2.099000000000000199e+01
2.109000000000000341e+01
2.119000000000000128e+01
2.129000000000000270e+01
2.139000000000000057e+01
2.149000000000000199e+01
2.149000000000000199e+01
2.149000000000000199e+01
2.149000000000000199e+01
2.149000000000000199e+01
2.149000000000000199e+01
2.208000000000000185e+01
2.218000000000000327e+01
2.228000000000000114e+01
2.238000000000000256e+01
2.248000000000000043e+01
2.258000000000000185e+01
2.268000000000000327e+01
2.278000000000000114e+01
2.288000000000000256e+01
2.298000000000000043e+01
2.308000000000000185e+01
2.318000000000000327e+01
2.328000000000000114e+01
2.338000000000000256e+01
2.348000000000000043e+01
2.358000000000000185e+01
2.368000000000000327e+01
2.378000000000000114e+01
2.388000000000000256e+01
2.398000000000000043e+01
2.408000000000000185e+01
2.418000000000000327e+01
2.428000000000000114e+01
