1.000000000000000056e-01
1.497487437185929804e-01
1.994974874371859275e-01
2.492462311557789023e-01
2.989949748743718771e-01
3.487437185929648242e-01
3.984924623115577713e-01
4.482412060301508294e-01
4.979899497487437765e-01
5.477386934673367236e-01
5.974874371859296707e-01
6.472361809045226178e-01
6.969849246231155648e-01
7.467336683417085119e-01
7.964824120603015700e-01
8.462311557788945171e-01
8.959798994974874642e-01
9.457286432160804113e-01
9.954773869346733584e-01
1.045226130653266416e+00
1.094974874371859475e+00
1.144723618090452311e+00
1.194472361809045369e+00
1.244221105527638427e+00
1.293969849246231263e+00
1.343718592964824321e+00
1.393467336683417157e+00
1.443216080402010215e+00
1.492964824120603273e+00
1.542713567839196109e+00
1.592462311557789167e+00
1.642211055276382003e+00
1.691959798994975062e+00
1.741708542713568120e+00
1.791457286432160956e+00
1.841206030150754014e+00
1.890954773869346850e+00
1.940703517587939908e+00
1.990452261306532966e+00
2.040201005025125802e+00
2.089949748743718860e+00
2.139698492462311918e+00
2.189447236180904532e+00
2.239195979899497591e+00
2.288944723618090649e+00
2.338693467336683707e+00
2.388442211055276765e+00
2.438190954773869379e+00
2.487939698492462437e+00
2.537688442211055495e+00
2.587437185929648553e+00
2.637185929648241611e+00
2.686934673366834225e+00
2.736683417085427283e+00
2.786432160804020342e+00
2.836180904522613400e+00
2.885929648241206458e+00
2.935678391959799072e+00
2.985427135678392130e+00
3.035175879396985188e+00
3.084924623115578246e+00
3.134673366834171304e+00
3.184422110552763918e+00
3.234170854271356976e+00
3.283919597989950034e+00
3.333668341708543092e+00
3.383417085427136151e+00
3.433165829145728765e+00
3.482914572864321823e+00
3.532663316582914881e+00
3.582412060301507939e+00
3.632160804020100997e+00
3.681909547738693611e+00
3.731658291457286669e+00
3.781407035175879727e+00
3.831155778894472785e+00
3.880904522613065843e+00
3.930653266331658457e+00
3.980402010050251516e+00
4.030150753768844574e+00
4.079899497487437188e+00
4.129648241206029802e+00
4.179396984924623304e+00
4.229145728643215918e+00
4.278894472361808532e+00
4.328643216080402034e+00
4.378391959798994648e+00
4.428140703517588150e+00
4.477889447236180764e+00
4.527638190954773378e+00
4.577386934673366881e+00
4.627135678391959495e+00
4.676884422110552997e+00
4.726633165829145611e+00
4.776381909547738225e+00
4.826130653266331727e+00
4.875879396984924341e+00
4.925628140703517843e+00
4.975376884422110457e+00
5.025125628140703071e+00
5.074874371859296573e+00
5.124623115577889187e+00
5.174371859296482690e+00
5.224120603015075304e+00
5.273869346733667918e+00
5.323618090452261420e+00
5.373366834170854034e+00
5.423115577889447536e+00
5.472864321608040150e+00
5.522613065326632764e+00
5.572361809045226266e+00
5.622110552763818880e+00
5.671859296482412383e+00
5.721608040201004997e+00
5.771356783919597611e+00
5.821105527638191113e+00
5.870854271356783727e+00
5.920603015075377229e+00
5.970351758793969843e+00
6.020100502512562457e+00
6.069849246231155959e+00
6.119597989949748573e+00
6.169346733668342075e+00
6.219095477386934689e+00
6.268844221105527303e+00
6.318592964824120806e+00
6.368341708542713420e+00
6.418090452261306922e+00
6.467839195979899536e+00
6.517587939698492150e+00
6.567336683417085652e+00
6.617085427135678266e+00
6.666834170854271768e+00
6.716582914572864382e+00
6.766331658291456996e+00
6.816080402010050499e+00
6.865829145728643113e+00
6.915577889447236615e+00
6.965326633165829229e+00
7.015075376884421843e+00
7.064824120603015345e+00
7.114572864321607959e+00
7.164321608040201461e+00
7.214070351758794075e+00
7.263819095477386689e+00
7.313567839195980191e+00
7.363316582914572805e+00
7.413065326633166308e+00
7.462814070351758922e+00
7.512562814070351536e+00
7.562311557788945038e+00
7.612060301507537652e+00
7.661809045226131154e+00
7.711557788944723768e+00
7.761306532663316382e+00
7.811055276381909884e+00
7.860804020100502498e+00
7.910552763819096000e+00
7.960301507537688614e+00
8.010050251256281229e+00
8.059798994974874731e+00
8.109547738693468233e+00
8.159296482412059959e+00
8.209045226130653461e+00
8.258793969849246963e+00
8.308542713567838689e+00
8.358291457286432191e+00
8.408040201005025693e+00
8.457788944723617419e+00
8.507537688442210921e+00
8.557286432160804424e+00
8.607035175879397926e+00
8.656783919597989652e+00
8.706532663316583154e+00
8.756281407035176656e+00
8.806030150753768382e+00
8.855778894472361884e+00
8.905527638190955386e+00
8.955276381909547112e+00
9.005025125628140614e+00
9.054773869346734116e+00
9.104522613065327619e+00
9.154271356783919344e+00
9.204020100502512847e+00
9.253768844221106349e+00
9.303517587939698075e+00
9.353266331658291577e+00
9.403015075376885079e+00
9.452763819095476805e+00
9.502512562814070307e+00
9.552261306532663809e+00
9.602010050251257312e+00
9.651758793969849037e+00
9.701507537688442540e+00
9.751256281407036042e+00
9.801005025125627768e+00
9.850753768844221270e+00
9.900502512562814772e+00
9.950251256281406498e+00
1.000000000000000000e+01
