1.989999999999999991e+00
2.619999999999999662e+00
3.139999999999999680e+00
3.589999999999999858e+00
4.000000000000000000e+00
4.370000000000000107e+00
4.709999999999999964e+00
5.030000000000000249e+00
5.339999999999999858e+00
5.629999999999999893e+00
5.910000000000000142e+00
6.189999999999999503e+00
6.450000000000000178e+00
6.709999999999999964e+00
6.959999999999999964e+00
7.200000000000000178e+00
7.450000000000000178e+00
7.679999999999999716e+00
7.919999999999999929e+00
8.150000000000000355e+00
8.380000000000000782e+00
8.599999999999999645e+00
8.830000000000000071e+00
9.050000000000000711e+00
9.269999999999999574e+00
9.490000000000000213e+00
9.699999999999999289e+00
9.919999999999999929e+00
1.013000000000000078e+01
1.034999999999999964e+01
1.056000000000000050e+01
1.076999999999999957e+01
1.098000000000000043e+01
1.118999999999999950e+01
1.140000000000000036e+01
1.160999999999999943e+01
1.182000000000000028e+01
1.202999999999999936e+01
1.223000000000000043e+01
1.243999999999999950e+01
1.265000000000000036e+01
1.285999999999999943e+01
1.306000000000000050e+01
1.326999999999999957e+01
1.347000000000000064e+01
1.367999999999999972e+01
1.389000000000000057e+01
1.408999999999999986e+01
1.430000000000000071e+01
1.450000000000000000e+01
1.471000000000000085e+01
1.491000000000000014e+01
1.511999999999999922e+01
1.533000000000000007e+01
1.552999999999999936e+01
1.574000000000000021e+01
1.593999999999999950e+01
1.615000000000000213e+01
1.635000000000000142e+01
1.656000000000000227e+01
1.677000000000000313e+01
1.697000000000000242e+01
1.718000000000000327e+01
1.738000000000000256e+01
1.759000000000000341e+01
1.780000000000000071e+01
1.800000000000000355e+01
1.821000000000000085e+01
1.842000000000000171e+01
1.862000000000000099e+01
1.883000000000000185e+01
1.904000000000000270e+01
1.924000000000000199e+01
1.945000000000000284e+01
1.966000000000000369e+01
1.987000000000000099e+01
2.007000000000000028e+01
2.028000000000000114e+01
2.049000000000000199e+01
2.070000000000000284e+01
2.090000000000000213e+01
2.111000000000000298e+01
2.132000000000000028e+01
2.153000000000000114e+01
2.174000000000000199e+01
2.195000000000000284e+01
2.215000000000000213e+01
2.236000000000000298e+01
2.257000000000000028e+01
2.278000000000000114e+01
2.299000000000000199e+01
2.320000000000000284e+01
2.341000000000000369e+01
2.362000000000000099e+01
2.383000000000000185e+01
2.404000000000000270e+01
2.425000000000000355e+01
2.446000000000000085e+01
2.467000000000000171e+01
2.488000000000000256e+01
2.509000000000000341e+01
2.530000000000000071e+01
2.551000000000000156e+01
2.572000000000000242e+01
2.593000000000000327e+01
2.614000000000000057e+01
2.635000000000000142e+01
2.656000000000000227e+01
2.678000000000000114e+01
2.699000000000000199e+01
2.720000000000000284e+01
2.741000000000000369e+01
2.762000000000000099e+01
2.783000000000000185e+01
2.805000000000000071e+01
2.826000000000000156e+01
2.847000000000000242e+01
2.868000000000000327e+01
2.889000000000000057e+01
2.911000000000000298e+01
2.932000000000000384e+01
2.953000000000000114e+01
2.974000000000000199e+01
2.996000000000000085e+01
3.017000000000000171e+01
3.038000000000000256e+01
3.059000000000000341e+01
3.081000000000000227e+01
3.102000000000000313e+01
3.123000000000000398e+01
3.145000000000000284e+01
3.166000000000000369e+01
3.187000000000000099e+01
3.208999999999999631e+01
3.229999999999999716e+01
3.250999999999999801e+01
3.272999999999999687e+01
3.293999999999999773e+01
3.315999999999999659e+01
3.336999999999999744e+01
3.357999999999999829e+01
3.379999999999999716e+01
3.400999999999999801e+01
3.422999999999999687e+01
3.443999999999999773e+01
3.465999999999999659e+01
3.486999999999999744e+01
3.507999999999999829e+01
3.529999999999999716e+01
3.550999999999999801e+01
3.572999999999999687e+01
3.593999999999999773e+01
3.615999999999999659e+01
3.636999999999999744e+01
3.658999999999999631e+01
3.679999999999999716e+01
3.701999999999999602e+01
3.722999999999999687e+01
3.744999999999999574e+01
3.765999999999999659e+01
3.787999999999999545e+01
3.808999999999999631e+01
3.831000000000000227e+01
3.853000000000000114e+01
3.874000000000000199e+01
3.896000000000000085e+01
3.917000000000000171e+01
3.939000000000000057e+01
3.960000000000000142e+01
3.982000000000000028e+01
4.003999999999999915e+01
4.025000000000000000e+01
4.046999999999999886e+01
4.067999999999999972e+01
4.089999999999999858e+01
4.111999999999999744e+01
4.132999999999999829e+01
4.154999999999999716e+01
4.175999999999999801e+01
4.197999999999999687e+01
4.219999999999999574e+01
4.240999999999999659e+01
4.262999999999999545e+01
4.285000000000000142e+01
4.306000000000000227e+01
4.328000000000000114e+01
4.350000000000000000e+01
4.371000000000000085e+01
4.392999999999999972e+01
4.414999999999999858e+01
4.435999999999999943e+01
4.457999999999999829e+01
4.479999999999999716e+01
4.500999999999999801e+01
4.522999999999999687e+01
4.544999999999999574e+01
4.567000000000000171e+01
4.587999999999999545e+01
4.610000000000000142e+01
4.632000000000000028e+01
