2.940917058452940935e-01
3.538890769843957562e-01
4.115457307796154263e-01
4.667762382517689490e-01
5.195805994008563244e-01
5.701015287164695744e-01
6.183390261986088099e-01
6.642930918472740309e-01
7.079637256624652375e-01
7.494936421337744514e-01
7.890255557507939166e-01
8.264167520239315001e-01
8.618099454427792239e-01
8.954905649865213535e-01
9.271731816759738454e-01
9.571432244903207431e-01
9.855434079191541796e-01
1.012231017472882133e+00
1.037491482130688869e+00
1.061182087402982033e+00
1.083445547779354090e+00
1.104281863259804819e+00
1.123976462823518485e+00
1.142243917491310823e+00
1.159369656242366098e+00
1.175353679076684532e+00
1.190195985994265904e+00
1.203896576995109990e+00
1.216598166568809480e+00
1.228443469204956173e+00
1.239147055924365803e+00
1.248994355706222636e+00
1.257985368550526672e+00
1.266120094457277911e+00
1.273398533426476353e+00
1.279820685458122220e+00
1.285529265041807312e+00
1.290524272177531850e+00
1.294662992375703592e+00
1.298230854615506802e+00
1.301085144407349237e+00
1.303225861751231118e+00
1.304795721136744691e+00
1.305794722563889509e+00
1.306080151543073775e+00
1.305937437053481531e+00
1.305081150115928734e+00
1.303796719709599650e+00
1.301798716855309790e+00
1.299515285021835886e+00
1.296518280740401208e+00
1.293235847479782263e+00
1.289382556260794788e+00
1.284958407083438781e+00
1.280248828926898508e+00
1.274968392811989926e+00
1.269402527717896856e+00
1.263265804665435255e+00
1.256700938144197366e+00
1.249850642643775211e+00
1.242572203674576770e+00
1.234865621236601818e+00
1.226873609819442601e+00
1.218453454933507096e+00
1.209605156578795304e+00
1.200471429244899024e+00
1.190909558442226457e+00
1.181062258660369624e+00
1.170786815409736503e+00
1.160225943179918895e+00
1.149379641970917243e+00
1.138105197293139081e+00
1.126545323636176654e+00
1.114700021000030183e+00
1.102569289384699225e+00
1.090010414300591979e+00
1.077166110237300467e+00
1.064036377194824690e+00
1.050621215173164646e+00
1.036777909682728094e+00
1.022649175213107497e+00
1.008235011764302635e+00
9.935354193363132858e-01
9.784076834395477595e-01
9.629945185635979676e-01
9.472959247084639101e-01
9.313119018741454758e-01
9.148997355710507540e-01
8.980594257991797447e-01
8.809336870481243587e-01
8.635225193178847070e-01
8.456832081188687678e-01
8.272730389614841862e-01
8.087201553145075827e-01
7.895964137091624480e-01
7.699018141454487818e-01
7.499217856025508500e-01
7.292281846116922539e-01
7.081064401520573703e-01
6.862711232444617115e-01
