5.749538213626019800e-01
6.293280418972027057e-01
6.811334016191451513e-01
7.303699005284293166e-01
7.768948241354630690e-01
8.209936014194305631e-01
8.626662323803319099e-01
9.020554315077592422e-01
9.391611988017125601e-01
9.739835342621917524e-01
1.006807866868381307e+00
1.037776911109873135e+00
1.066747952497075103e+00
1.093863705519579455e+00
1.119266884666978212e+00
1.142957489939271376e+00
1.165220950315643433e+00
1.185914551306501918e+00
1.205181007401439297e+00
1.223163033090047369e+00
1.239717913882734335e+00
1.254988364269091994e+00
1.269117098738712590e+00
1.282104117291596346e+00
1.294092134417335060e+00
1.304938435626336712e+00
1.314785735408193545e+00
1.323634033762905560e+00
1.331626045180064555e+00
1.338619055170078953e+00
1.344898492712132576e+00
1.350321643316633402e+00
1.354888506983581431e+00
1.358741798202568907e+00
1.361881516973595829e+00
1.364307663296661977e+00
1.366020237171767571e+00
1.367019238598912390e+00
1.367447382067688677e+00
1.367304667578096655e+00
1.366448380640543858e+00
1.365163950234214774e+00
1.363308661869517158e+00
1.360882515546450788e+00
1.357885511265016110e+00
1.354460363514805143e+00
1.350464357806225646e+00
1.346040208628869639e+00
1.341187915982737122e+00
1.335764765378236296e+00
1.330056185794551205e+00
1.323919462742089825e+00
1.317211881731259693e+00
1.310218871741245517e+00
1.302940432772046853e+00
1.295091135844479879e+00
1.286956409937728640e+00
1.278393540562200892e+00
1.269545242207488878e+00
1.260411514873592820e+00
1.250849644070920252e+00
1.241002344289063419e+00
1.230726901038430077e+00
1.220166028808612690e+00
1.209319727599611038e+00
1.198187997411424899e+00
1.186770838244054715e+00
1.175068250097500266e+00
1.162937518482169308e+00
1.150664072377246328e+00
1.138105197293139081e+00
1.125118178740255548e+00
1.111988445697779770e+00
1.098573283676119505e+00
1.084729978185683175e+00
1.070743958205654600e+00
1.056472509246441760e+00
1.041915631308044876e+00
1.027073324390463505e+00
1.012088302983290111e+00
9.966751381073400973e-01
9.809765442522060397e-01
9.651352359074798493e-01
9.488657840939772603e-01
9.324536177908825385e-01
9.156133080190114182e-01
8.986302837575481650e-01
8.812191160273086243e-01
8.636652338074768398e-01
8.456832081188687678e-01
8.274157534510763190e-01
8.087201553145075827e-01
7.897391281987545808e-01
7.703299576142251803e-01
7.506353580505115142e-01
7.305126150180214495e-01
7.099617285167549863e-01
6.888399840571201027e-01
6.672900961287087096e-01
6.451693502419288961e-01
