3.384759121084458533e-01
3.972742818204025861e-01
4.535037907197010387e-01
5.073071532959333441e-01
5.586843695490993911e-01
6.076354394791992908e-01
6.541603630862329322e-01
6.984018548597926701e-01
7.403599147998782826e-01
7.800345429064898806e-01
8.177111681588116188e-01
8.532470760672514754e-01
8.869276956109937160e-01
9.186103123004460969e-01
9.485803551147929946e-01
9.766951095644422765e-01
1.003240004628578097e+00
1.028215040307200567e+00
1.051620216600309465e+00
1.073455533507905013e+00
1.094006420009171476e+00
1.113130161614516611e+00
1.130969472813532661e+00
1.147667068095811649e+00
1.163080232971761552e+00
1.177494396420566414e+00
1.190624129463042191e+00
1.202754861078373150e+00
1.214029305756151089e+00
1.224162034517192188e+00
1.233438476340680490e+00
1.241715916737023973e+00
1.249279784685406902e+00
1.255844651206644791e+00
1.261695945279921904e+00
1.266690952415646443e+00
1.271115101593002450e+00
1.274682963832805660e+00
1.277537253624648095e+00
1.279677970968529976e+00
1.281247830354043549e+00
1.282104117291596346e+00
1.282389546270780389e+00
1.282104117291596346e+00
1.281247830354043549e+00
1.279820685458122220e+00
1.277822682603832360e+00
1.275253821791174191e+00
1.272256817509739513e+00
1.268688955269936303e+00
1.264692949561356583e+00
1.260268800384000576e+00
1.255273793248276260e+00
1.249850642643775211e+00
1.243999348570498098e+00
1.237719911028444475e+00
1.231012330017614342e+00
1.223876605538007922e+00
1.216455452079217459e+00
1.208463440662058241e+00
1.200186000265714759e+00
1.191623130890187010e+00
1.182489403556290952e+00
1.173070247243210407e+00
1.163365661950945817e+00
1.153232933189904719e+00
1.142814775449679354e+00
1.131968474240677480e+00
1.120836744052491563e+00
1.109419584885121379e+00
1.097574282248974686e+00
1.085443550633643728e+00
1.073027390039128726e+00
1.060325800465429236e+00
1.047196067422953458e+00
1.033780905401293415e+00
1.020080314400449106e+00
1.006094294420420754e+00
9.916801309716156698e-01
9.769805385436264311e-01
9.619955171364530377e-01
9.465823522605032458e-01
9.310264728949613211e-01
9.148997355710507540e-01
8.986302837575481650e-01
8.819326884752692886e-01
8.649496642138060354e-01
8.473957819939742508e-01
8.296991852845504445e-01
8.114317306167579957e-01
7.928788469697813923e-01
7.738978198540283904e-01
7.543459347799068571e-01
7.343659062370089252e-01
7.139577342253345948e-01
6.928359897656996003e-01
6.711433873476961853e-01
6.488799269713242390e-01
6.257601796573994957e-01
6.019268598955140881e-01
