5.000000000000000000e-01
5.656565656565656353e-01
6.313131313131312705e-01
6.969696969696970168e-01
7.626262626262626521e-01
8.282828282828282873e-01
8.939393939393940336e-01
9.595959595959596689e-01
1.025252525252525304e+00
1.090909090909090828e+00
1.156565656565656575e+00
1.222222222222222321e+00
1.287878787878788067e+00
1.353535353535353591e+00
1.419191919191919338e+00
1.484848484848484862e+00
1.550505050505050608e+00
1.616161616161616355e+00
1.681818181818181879e+00
1.747474747474747625e+00
1.813131313131313149e+00
1.878787878787878896e+00
1.944444444444444642e+00
2.010101010101010388e+00
2.075757575757576134e+00
2.141414141414141881e+00
2.207070707070707183e+00
2.272727272727272929e+00
2.338383838383838675e+00
2.404040404040403978e+00
2.469696969696969724e+00
2.535353535353535470e+00
2.601010101010101216e+00
2.666666666666666963e+00
2.732323232323232709e+00
2.797979797979798011e+00
2.863636363636363757e+00
2.929292929292929504e+00
2.994949494949495250e+00
3.060606060606060996e+00
3.126262626262626299e+00
3.191919191919192045e+00
3.257575757575757791e+00
3.323232323232323537e+00
3.388888888888889284e+00
3.454545454545455030e+00
3.520202020202020332e+00
3.585858585858586078e+00
3.651515151515151825e+00
3.717171717171717571e+00
3.782828282828283317e+00
3.848484848484848619e+00
3.914141414141414366e+00
3.979797979797980112e+00
4.045454545454545858e+00
4.111111111111111605e+00
4.176767676767677351e+00
4.242424242424242209e+00
4.308080808080807955e+00
4.373737373737373701e+00
4.439393939393939448e+00
4.505050505050505194e+00
4.570707070707070940e+00
4.636363636363636687e+00
4.702020202020202433e+00
4.767676767676768179e+00
4.833333333333333925e+00
4.898989898989899672e+00
4.964646464646465418e+00
5.030303030303031164e+00
5.095959595959596022e+00
5.161616161616161769e+00
5.227272727272727515e+00
5.292929292929293261e+00
5.358585858585859008e+00
5.424242424242424754e+00
5.489898989898990500e+00
5.555555555555556246e+00
5.621212121212121993e+00
5.686868686868687739e+00
5.752525252525252597e+00
5.818181818181818343e+00
5.883838383838384090e+00
5.949494949494949836e+00
6.015151515151515582e+00
6.080808080808081328e+00
6.146464646464647075e+00
6.212121212121212821e+00
6.277777777777778567e+00
6.343434343434344314e+00
6.409090909090910060e+00
6.474747474747474918e+00
6.540404040404040664e+00
6.606060606060606410e+00
6.671717171717172157e+00
6.737373737373737903e+00
6.803030303030303649e+00
6.868686868686869396e+00
6.934343434343435142e+00
7.000000000000000000e+00
