2.475667822382603411e-01
3.096475852108360183e-01
3.697303853291219466e-01
4.278151825931180152e-01
4.837592625132322022e-01
5.377053395790565293e-01
5.895106993009989749e-01
6.391753416790595388e-01
6.868419812028302429e-01
7.323679033827190654e-01
7.760385371979102720e-01
8.178538826484037516e-01
8.576712252446074825e-01
8.956332794761134863e-01
9.318827598325140071e-01
9.664196663138090448e-01
9.993867134095906213e-01
1.030641186630266715e+00
1.060325800465429236e+00
1.088583269404670650e+00
1.115413593447990737e+00
1.140816772595389494e+00
1.164935521336459168e+00
1.187769839671199534e+00
1.209319727599611038e+00
1.229727899611285258e+00
1.248994355706222636e+00
1.267119095884422730e+00
1.284102120145885984e+00
1.300086142980204418e+00
1.315071164387377811e+00
1.329199898856998407e+00
1.342329631899474185e+00
1.354460363514805143e+00
1.365734808192583305e+00
1.376295680422400691e+00
1.385857551225073259e+00
1.394848564069377295e+00
1.402840575486536512e+00
1.410261728945327198e+00
1.416826595466565086e+00
1.422820604029434444e+00
1.428101040144343248e+00
1.432667903811291277e+00
1.436663909519870774e+00
1.440089057270081963e+00
1.442800632572332376e+00
1.444941349916214257e+00
1.446511209301727607e+00
1.447652925218464670e+00
1.448081068687241180e+00
1.448081068687241180e+00
1.447652925218464670e+00
1.446511209301727607e+00
1.445084064405806501e+00
1.443086061551516641e+00
1.440659915228450494e+00
1.437805625436607837e+00
1.434380477686396871e+00
1.430669900957001417e+00
1.426531180758829676e+00
1.421964317091881647e+00
1.416969309956157108e+00
1.411546159351656282e+00
1.405694865278379169e+00
1.399558142225917567e+00
1.393135990194271923e+00
1.386142980204257524e+00
1.379007255724651104e+00
1.371300673286676153e+00
1.363451376359109180e+00
1.355173935962765697e+00
1.346468352097645926e+00
1.337620053742934134e+00
1.328343611919445610e+00
1.318781741116773043e+00
1.308934441334916210e+00
1.298658998084283089e+00
1.288098125854465703e+00
1.277394539135056073e+00
1.266262808946869933e+00
1.254845649779499750e+00
1.243143061632945301e+00
1.231155044507206586e+00
1.218738883912691362e+00
1.206180008828584116e+00
1.193335704765292604e+00
1.180205971722816827e+00
1.166790809701156784e+00
1.152947504210720453e+00
1.138961484230691878e+00
1.124690035271479038e+00
1.109990442843489911e+00
1.095148135925908539e+00
1.079877685539550880e+00
1.064464520663600977e+00
1.048623212318874787e+00
1.032496474994964331e+00
1.016084308691869609e+00
9.993867134095906213e-01
