1.333776873165408460e+03
1.583802378495160838e+03
1.760015780380370870e+03
1.768332637106516358e+03
1.783147038149963464e+03
1.785356203217845632e+03
1.787695319172074505e+03
1.773660623446703539e+03
1.731816438043283370e+03
1.698419060252354939e+03
1.629025286943577612e+03
1.562230531361720523e+03
1.537929715615013947e+03
1.486469164621987829e+03
1.402131039383417601e+03
1.301289151578901965e+03
1.038788361159931128e+03
9.871978592805592143e+02
8.532184954578073075e+02
9.742414046932488247e+01
1.201655455798792786e+02
1.403079329635131955e+02
1.403079329635131955e+02
1.403079329635131955e+02
