0
0
0
0
0
0
0
0
0
0
0
0
0.005
0.017
0.017
0.04
0.052
0.064
0.076
0.087
0.099
0.11
0.122
0.133
0.144
0.155
0.167
0.178
0.189
0.2
0.211
0.221
0.232
0.243
0.254
0.264
0.275
0.285
0.295
0.306
0.316
0.326
0.336
0.346
0.356
0.366
0.376
0.386
0.395
0.405
0.415
0.424
0.433
0.443
0.452
0.461
0.47
0.479
0.488
0.497
0.506
0.515
0.524
0.532
0.541
0.549
0.558
0.566
0.575
0.583
0.591
0.599
0.607
0.615
0.623
0.631
0.639
0.647
0.654
0.662
0.669
0.677
0.684
0.692
0.699
0.706
0.714
0.721
0.728
0.735
0.742
0.749
0.755
0.762
0.769
0.776
0.782
0.789
0.795
0.802
0.808
0.814
0.821
0.827
0.833
0.839
0.845
0.851
0.857
0.863
0.869
0.875
0.88
0.886
0.892
0.897
0.903
0.908
0.914
0.919
0.925
0.93
0.935
0.94
0.946
0.951
0.956
0.961
0.966
0.971
0.976
0.98
0.985
0.99
0.995
0.999
1.004
1.009
1.013
1.018
1.022
1.027
1.031
1.035
1.04
1.044
1.048
1.052
1.057
1.061
1.065
1.069
1.073
1.077
1.081
1.085
1.088
1.092
1.096
1.1
1.103
1.107
1.111
1.114
1.118
1.122
1.125
1.129
1.132
1.135
1.139
1.142
1.145
1.149
1.152
1.155
1.158
1.162
1.165
1.168
1.171
1.174
1.177
1.18
1.183
1.186
1.189
1.191
1.194
1.197
1.2
1.203
1.205
1.208
1.211
1.213
1.216
1.219
1.221
1.224
1.226
1.229
1.231
1.234
1.236
1.238
1.241
1.243
1.245
1.248
1.25
1.252
1.255
1.257
1.259
1.261
1.263
1.265
1.267
1.269
1.271
1.273
1.275
1.277
1.279
1.281
1.283
1.285
1.287
1.289
1.291
1.293
1.294
1.296
1.298
1.3
1.301
1.303
1.305
1.306
1.308
1.31
1.311
1.313
1.314
1.316
1.317
1.319
1.32
1.322
1.323
1.325
1.326
1.327
1.329
1.33
1.332
1.333
1.334
1.336
1.337
1.338
1.339
1.341
1.342
1.343
1.344
1.345
1.346
1.348
1.349
1.35
1.351
1.352
1.353
1.354
1.355
1.356
1.357
1.358
1.359
1.36
1.361
1.362
1.363
1.364
1.365
1.366
1.366
1.367
1.368
1.369
1.37
1.371
1.371
1.372
1.373
1.374
1.374
1.375
1.376
1.377
1.377
1.378
1.379
1.379
1.38
1.38
1.381
1.382
1.382
1.383
1.383
1.384
1.385
1.385
1.386
1.386
1.387
1.387
1.388
1.388
1.389
1.389
1.389
1.39
1.39
1.391
1.391
1.391
1.392
1.392
1.393
1.393
1.393
1.394
1.394
1.394
1.395
1.395
1.395
1.395
1.396
1.396
1.396
1.396
1.397
1.397
1.397
1.397
1.397
1.398
1.398
1.398
1.398
1.398
1.398
1.398
1.399
1.399
1.399
1.399
1.399
1.399
1.399
1.399
1.399
1.399
1.399
1.399
1.399
1.399
1.4
1.4
1.4
1.4
1.399
1.399
1.399
1.399
1.399
1.399
1.399
1.399
1.399
1.399
1.399
1.399
1.399
1.399
1.399
1.398
1.398
1.398
1.398
1.398
1.398
1.398
1.397
1.397
1.397
1.397
1.397
1.396
1.396
1.396
1.396
1.396
1.395
1.395
1.395
1.395
1.394
1.394
1.394
1.394
1.393
1.393
1.393
1.392
1.392
1.392
1.392
1.391
1.391
1.391
1.39
1.39
1.39
1.389
1.389
1.389
1.388
1.388
1.387
1.387
1.387
1.386
1.386
1.386
1.385
1.385
1.384
1.384
1.384
1.383
1.383
1.382
1.382
1.381
1.381
1.38
1.38
1.38
1.379
1.379
1.378
1.378
1.377
1.377
1.376
1.376
1.375
1.375
1.374
1.374
1.373
1.373
1.372
1.372
1.371
1.371
1.37
1.37
1.369
1.368
1.368
1.367
1.367
1.366
1.366
1.365
1.365
1.364
1.363
1.363
1.362
1.362
1.361
1.36
1.36
1.359
1.359
1.358
1.357
1.357
1.356
1.356
1.355
1.354
1.354
1.353
1.352
1.352
1.351
1.35
1.35
1.349
1.348
1.348
1.347
1.346
1.346
1.345
1.344
1.344
1.343
1.342
1.342
1.341
1.34
1.34
1.339
1.338
1.338
1.337
1.336
1.335
1.335
1.334
1.333
1.333
1.332
1.331
1.33
1.33
1.329
1.328
1.327
1.327
1.326
1.325
1.324
1.324
1.323
1.322
1.321
1.321
1.32
1.319
1.318
1.318
1.317
1.316
1.315
1.315
1.314
1.313
1.312
1.311
1.311
1.31
1.309
1.308
1.307
1.307
1.306
1.305
1.304
1.303
1.303
1.302
1.301
1.3
1.299
1.299
1.298
1.297
1.296
1.295
1.294
1.294
1.293
1.292
1.291
1.29
1.289
1.289
1.288
1.287
1.286
1.285
1.284
1.284
1.283
1.282
1.281
1.28
1.279
1.278
1.278
1.277
1.276
1.275
1.274
1.273
1.272
1.272
1.271
1.27
1.269
1.268
1.267
1.266
1.265
1.265
1.264
1.263
1.262
1.261
1.26
1.259
1.258
1.258
1.257
1.256
1.255
1.254
1.253
1.252
1.251
1.25
1.249
1.249
1.248
1.247
1.246
1.245
1.244
1.243
1.242
1.241
1.24
1.24
1.239
1.238
1.237
1.236
1.235
1.234
1.233
1.232
1.231
1.23
1.229
1.229
1.228
1.227
1.226
1.225
1.224
1.223
1.222
1.221
1.22
1.219
1.218
1.217
1.216
1.216
1.215
1.214
1.213
1.212
1.211
1.21
1.209
1.208
1.207
1.206
1.205
1.204
1.203
1.202
1.201
1.2
1.2
1.199
1.198
1.197
1.196
1.195
1.194
1.193
1.192
1.191
1.19
1.189
1.188
1.187
1.186
1.185
1.184
1.183
1.182
1.181
1.18
1.18
1.179
1.178
1.177
1.176
1.175
1.174
1.173
1.172
1.171
1.17
1.169
1.168
1.167
1.166
1.165
1.164
1.163
1.162
1.161
1.16
1.159
1.158
1.157
1.156
1.155
1.154
1.153
1.153
1.152
1.151
1.15
1.149
1.148
1.147
1.146
1.145
1.144
1.143
1.142
1.141
1.14
1.139
1.138
1.137
1.136
1.135
1.134
1.133
1.132
1.131
1.13
1.129
1.128
1.127
1.126
1.125
1.124
1.123
1.122
1.121
1.12
1.119
1.118
1.117
1.116
1.115
1.115
1.114
1.113
1.112
1.111
1.11
1.109
1.108
1.107
1.106
1.105
1.104
1.103
1.102
1.101
1.1
1.099
1.098
1.097
1.096
1.095
1.094
1.093
1.092
1.091
1.09
1.089
1.088
1.087
1.086
1.085
1.084
1.083
1.082
1.081
1.08
1.079
1.078
1.077
1.076
1.075
1.074
1.073
1.072
1.071
1.07
1.069
1.068
1.068
1.067
1.066
1.065
1.064
1.063
1.062
1.061
1.06
1.059
1.058
1.057
1.056
1.055
1.054
1.053
1.052
1.051
1.05
1.049
1.048
1.047
1.046
1.045
1.044
1.043
1.042
1.041
1.04
1.039
1.038
1.037
1.036
1.035
1.034
1.033
1.032
1.031
1.03
1.029
1.028
1.027
1.027
1.026
1.025
1.024
1.023
1.022
1.021
1.02
1.019
1.018
1.017
1.016
1.015
1.014
1.013
1.012
1.011
1.01
1.009
1.008
1.007
1.006
1.005
1.004
1.003
1.002
1.001
1
0.999
0.998
0.997
0.996
0.996
0.995
0.994
0.993
0.992
0.991
0.99
0.989
0.988
0.987
0.986
0.985
0.984
0.983
0.982
0.981
0.98
0.979
0.978
0.977
0.976
0.975
0.974
0.973
0.972
0.971
0.971
0.97
0.969
0.968
0.967
0.966
0.965
0.964
0.963
0.962
0.961
0.96
0.959
0.958
0.957
0.956
0.955
0.954
0.953
0.952
0.951
0.951
0.95
0.949
0.948
0.947
0.946
0.945
0.944
0.943
0.942
0.941
0.94
0.939
0.938
0.937
0.936
0.935
0.934
0.934
0.933
0.932
0.931
0.93
0.929
0.928
0.927
0.926
0.925
0.924
0.923
0.922
0.921
0.92
0.919
0.919
0.918
0.917
0.916
0.915
0.914
0.913
0.912
0.911
0.91
0.909
0.908
0.907
0.906
0.905
0.905
0.904
0.903
0.902
0.901
0.9
0.899
0.898
0.897
0.896
0.895
0.894
0.893
0.892
0.892
0.891
0.89
0.889
0.888
0.887
0.886
0.885
0.884
0.883
0.882
0.881
0.881
0.88
0.879
0.878
0.877
0.876
0.875
0.874
0.873
0.872
0.871
0.87
0.87
0.869
0.868
0.867
0.866
0.865
0.864
0.863
0.862
0.861
0.86
0.86
0.859
0.858
0.857
0.856
0.855
0.854
0.853
0.852
0.851
0.851
0.85
0.849
0.848
0.847
0.846
0.845
0.844
0.843
0.842
0.842
0.841
0.84
0.839
0.838
0.837
0.836
0.835
0.834
0.834
0.833
0.832
0.831
0.83
0.829
0.828
0.827
0.826
0.826
0.825
0.824
0.823
0.822
0.821
0.82
0.819
0.818
0.818
0.817
0.816
0.815
0.814
0.813
0.812
0.811
0.811
0.81
0.809
0.808
0.807
0.806
0.805
0.804
0.804
0.803
0.802
0.801
0.8
0.799
0.798
0.797
0.797
0.796
0.795
0.794
0.793
0.792
0.791
0.791
0.79
0.789
0.788
0.787
0.786
0.785
0.785
0.784
0.783
0.782
0.781
0.78
0.779
0.779
0.778
0.777
0.776
0.775
0.774
0.773
0.773
0.772
0.771
0.77
0.769
0.768
0.767
0.767
0.766
0.765
0.764
0.763
0.762
0.761
0.761
0.76
0.759
0.758
0.757
0.756
0.756
0.755
0.754
0.753
0.752
0.751
0.751
0.75
0.749
0.748
0.747
0.746
0.746
0.745
0.744
0.743
0.742
0.741
0.741
0.74
0.739
0.738
0.737
0.736
0.736
0.735
0.734
0.733
0.732
0.731
0.731
0.73
0.729
0.728
0.727
0.726
0.726
0.725
0.724
0.723
0.722
0.722
0.721
0.72
0.719
0.718
0.717
0.717
0.716
0.715
0.714
0.713
0.713
0.712
0.711
0.71
0.709
0.708
0.708
0.707
0.706
0.705
0.704
0.704
0.703
0.702
0.701
0.7
0.7
0.699
0.698
0.697
0.696
0.696
0.695
0.694
0.693
0.692
0.692
0.691
0.69
0.689
0.688
0.688
0.687
0.686
0.685
0.684
0.684
0.683
0.682
0.681
0.68
0.68
0.679
0.678
0.677
0.677
0.676
0.675
0.674
0.673
0.673
0.672
0.671
0.67
0.669
0.669
0.668
0.667
0.666
0.666
0.665
0.664
0.663
0.662
0.662
0.661
0.66
0.659
0.659
0.658
0.657
0.656
0.655
0.655
0.654
0.653
0.652
0.652
0.651
0.65
0.649
0.649
0.648
0.647
0.646
0.645
0.645
0.644
0.643
0.642
0.642
0.641
0.64
0.639
0.639
0.638
0.637
0.636
0.636
0.635
0.634
0.633
0.633
0.632
0.631
0.63
0.63
0.629
0.628
0.627
0.627
0.626
0.625
0.624
0.624
0.623
0.622
0.621
0.621
0.62
0.619
0.618
0.618
0.617
0.616
0.615
0.615
0.614
0.613
0.612
0.612
0.611
0.61
0.609
0.609
0.608
0.607
0.606
0.606
0.605
0.604
0.604
0.603
0.602
0.601
0.601
0.6
0.599
0.598
0.598
0.597
0.596
0.595
0.595
0.594
0.593
0.593
0.592
0.591
0.59
0.59
0.589
0.588
0.587
0.587
0.586
0.585
0.585
0.584
0.583
0.582
0.582
0.581
0.58
0.58
0.579
0.578
0.577
0.577
0.576
0.575
0.575
0.574
0.573
0.572
0.572
0.571
0.57
0.57
0.569
0.568
0.567
0.567
0.566
0.565
0.565
0.564
0.563
0.563
0.562
0.561
0.56
0.56
0.559
0.558
0.558
0.557
0.556
0.556
0.555
0.554
0.553
0.553
0.552
0.551
0.551
0.55
0.549
0.549
0.548
0.547
0.546
0.546
0.545
0.544
0.544
0.543
0.542
0.542
0.541
0.54
0.54
0.539
0.538
0.538
0.537
0.536
0.536
0.535
0.534
0.533
0.533
0.532
0.531
0.531
0.53
0.529
0.529
0.528
0.527
0.527
0.526
0.525
0.525
0.524
0.523
0.523
0.522
0.521
0.521
0.52
0.519
0.519
0.518
0.517
0.517
0.516
0.515
0.515
0.514
0.513
0.513
0.512
0.511
0.511
0.51
0.509
0.509
0.508
0.507
0.507
0.506
0.505
0.505
0.504
0.503
0.503
0.502
0.501
0.501
0.5
0.499
0.499
0.498
0.497
0.497
0.496
0.495
0.495
0.494
0.493
0.493
0.492
0.492
0.491
0.49
0.49
0.489
0.488
0.488
0.487
0.486
0.486
0.485
0.484
0.484
0.483
0.482
0.482
0.481
0.481
0.48
0.479
0.479
0.478
0.477
0.477
0.476
0.475
0.475
0.474
0.474
0.473
0.472
0.472
0.471
0.47
0.47
0.469
0.468
0.468
0.467
0.467
0.466
0.465
0.465
0.464
0.463
0.463
0.462
0.462
0.461
0.46
0.46
0.459
0.458
0.458
0.457
0.457
0.456
0.455
0.455
0.454
0.453
0.453
0.452
0.452
0.451
0.45
0.45
0.449
0.449
0.448
0.447
0.447
0.446
0.445
0.445
0.444
0.444
0.443
0.442
0.442
0.441
0.441
0.44
0.439
0.439
0.438
0.437
0.437
0.436
0.436
0.435
0.434
0.434
0.433
0.433
0.432
0.431
0.431
0.43
0.43
0.429
0.428
0.428
0.427
0.427
0.426
0.425
0.425
0.424
0.424
0.423
0.422
0.422
0.421
0.421
0.42
0.419
0.419
0.418
0.418
0.417
0.416
0.416
0.415
0.415
0.414
0.414
0.413
0.412
0.412
0.411
0.411
0.41
0.409
0.409
0.408
0.408
0.407
0.407
0.406
0.405
0.405
0.404
0.404
0.403
0.402
0.402
0.401
0.401
0.4
0.4
0.399
0.398
0.398
0.397
0.397
0.396
0.395
0.395
0.394
0.394
0.393
0.393
0.392
0.391
0.391
0.39
0.39
0.389
0.389
0.388
0.387
0.387
0.386
0.386
0.385
0.385
0.384
0.383
0.383
0.382
0.382
0.381
0.381
0.38
0.38
0.379
0.378
0.378
0.377
0.377
0.376
0.376
0.375
0.374
0.374
0.373
0.373
0.372
0.372
0.371
0.371
0.37
0.369
0.369
0.368
0.368
0.367
0.367
0.366
0.366
0.365
0.364
0.364
0.363
0.363
0.362
0.362
0.361
0.361
0.36
0.36
0.359
0.358
0.358
0.357
0.357
0.356
0.356
0.355
0.355
0.354
0.354
0.353
0.352
0.352
0.351
0.351
0.35
0.35
0.349
0.349
0.348
0.348
0.347
0.346
0.346
0.345
0.345
0.344
0.344
0.343
0.343
0.342
0.342
0.341
0.341
0.34
0.34
0.339
0.338
0.338
0.337
0.337
0.336
0.336
0.335
0.335
0.334
0.334
0.333
0.333
0.332
0.332
0.331
0.331
0.33
0.329
0.329
0.328
0.328
0.327
0.327
0.326
0.326
0.325
0.325
0.324
0.324
0.323
0.323
0.322
0.322
0.321
0.321
0.32
0.32
0.319
0.319
0.318
0.318
0.317
0.316
0.316
0.315
0.315
0.314
0.314
0.313
0.313
0.312
0.312
0.311
0.311
0.31
0.31
0.309
0.309
0.308
0.308
0.307
0.307
0.306
0.306
0.305
0.305
0.304
0.304
0.303
0.303
0.302
0.302
0.301
0.301
0.3
0.3
0.299
0.299
0.298
0.298
0.297
0.297
0.296
0.296
0.295
0.295
0.294
0.294
0.293
0.293
0.292
0.292
0.291
0.291
0.29
0.29
0.289
0.289
0.288
0.288
0.287
0.287
0.286
0.286
0.285
0.285
0.284
0.284
0.283
0.283
0.282
0.282
0.281
0.281
0.28
0.28
0.279
0.279
0.278
0.278
0.277
0.277
0.276
0.276
0.276
0.275
0.275
0.274
0.274
0.273
0.273
0.272
0.272
0.271
0.271
0.27
0.27
0.269
0.269
0.268
0.268
0.267
0.267
0.266
0.266
0.265
0.265
0.264
0.264
0.264
0.263
0.263
0.262
0.262
0.261
0.261
0.26
0.26
0.259
0.259
0.258
0.258
0.257
0.257
0.256
0.256
0.255
0.255
0.255
0.254
0.254
0.253
0.253
0.252
0.252
0.251
0.251
0.25
0.25
0.249
0.249
0.248
0.248
0.248
0.247
0.247
0.246
0.246
0.245
0.245
0.244
0.244
0.243
0.243
0.242
0.242
0.242
0.241
0.241
0.24
0.24
0.239
0.239
0.238
0.238
0.237
0.237
0.237
0.236
0.236
0.235
0.235
0.234
0.234
0.233
0.233
0.232
0.232
0.232
0.231
0.231
0.23
0.23
0.229
0.229
