0
0
0
0
0
0
0
0
0.009
0.027
0.044
0.062
0.079
0.096
0.114
0.131
0.148
0.164
0.181
0.198
0.214
0.23
0.246
0.262
0.278
0.294
0.31
0.325
0.34
0.356
0.371
0.386
0.4
0.415
0.43
0.444
0.458
0.473
0.487
0.5
0.514
0.528
0.541
0.555
0.568
0.581
0.594
0.607
0.619
0.632
0.644
0.657
0.669
0.681
0.693
0.705
0.716
0.728
0.739
0.751
0.762
0.773
0.784
0.795
0.806
0.817
0.827
0.838
0.848
0.858
0.868
0.878
0.888
0.898
0.908
0.917
0.927
0.936
0.946
0.955
0.964
0.973
0.982
0.991
0.999
1.008
1.017
1.025
1.033
1.042
1.05
1.058
1.066
1.074
1.082
1.09
1.097
1.105
1.113
1.12
1.127
1.135
1.142
1.149
1.156
1.163
1.17
1.177
1.184
1.191
1.197
1.204
1.21
1.217
1.223
1.229
1.236
1.242
1.248
1.254
1.26
1.266
1.272
1.278
1.283
1.289
1.295
1.3
1.306
1.311
1.317
1.322
1.327
1.332
1.338
1.343
1.348
1.353
1.358
1.363
1.368
1.372
1.377
1.382
1.386
1.391
1.396
1.4
1.405
1.409
1.413
1.418
1.422
1.426
1.43
1.435
1.439
1.443
1.447
1.451
1.455
1.459
1.462
1.466
1.47
1.474
1.477
1.481
1.485
1.488
1.492
1.495
1.499
1.502
1.506
1.509
1.512
1.515
1.519
1.522
1.525
1.528
1.531
1.534
1.537
1.54
1.543
1.546
1.549
1.552
1.555
1.558
1.561
1.563
1.566
1.569
1.571
1.574
1.577
1.579
1.582
1.584
1.587
1.589
1.592
1.594
1.596
1.599
1.601
1.603
1.606
1.608
1.61
1.612
1.614
1.616
1.619
1.621
1.623
1.625
1.627
1.629
1.631
1.633
1.635
1.636
1.638
1.64
1.642
1.644
1.646
1.647
1.649
1.651
1.652
1.654
1.656
1.657
1.659
1.661
1.662
1.664
1.665
1.667
1.668
1.67
1.671
1.672
1.674
1.675
1.677
1.678
1.679
1.681
1.682
1.683
1.684
1.686
1.687
1.688
1.689
1.69
1.692
1.693
1.694
1.695
1.696
1.697
1.698
1.699
1.7
1.701
1.702
1.703
1.704
1.705
1.706
1.707
1.708
1.709
1.709
1.71
1.711
1.712
1.713
1.714
1.714
1.715
1.716
1.717
1.717
1.718
1.719
1.719
1.72
1.721
1.721
1.722
1.723
1.723
1.724
1.724
1.725
1.725
1.726
1.726
1.727
1.727
1.728
1.728
1.729
1.729
1.73
1.73
1.731
1.731
1.731
1.732
1.732
1.732
1.733
1.733
1.733
1.734
1.734
1.734
1.735
1.735
1.735
1.735
1.736
1.736
1.736
1.736
1.736
1.737
1.737
1.737
1.737
1.737
1.737
1.738
1.738
1.738
1.738
1.738
1.738
1.738
1.738
1.738
1.738
1.738
1.738
1.738
1.738
1.738
1.738
1.738
1.738
1.738
1.738
1.738
1.738
1.738
1.738
1.738
1.738
1.738
1.738
1.738
1.737
1.737
1.737
1.737
1.737
1.737
1.736
1.736
1.736
1.736
1.736
1.736
1.735
1.735
1.735
1.735
1.734
1.734
1.734
1.734
1.733
1.733
1.733
1.733
1.732
1.732
1.732
1.731
1.731
1.731
1.73
1.73
1.73
1.729
1.729
1.729
1.728
1.728
1.727
1.727
1.727
1.726
1.726
1.725
1.725
1.725
1.724
1.724
1.723
1.723
1.722
1.722
1.722
1.721
1.721
1.72
1.72
1.719
1.719
1.718
1.718
1.717
1.717
1.716
1.716
1.715
1.715
1.714
1.713
1.713
1.712
1.712
1.711
1.711
1.71
1.71
1.709
1.708
1.708
1.707
1.707
1.706
1.705
1.705
1.704
1.704
1.703
1.702
1.702
1.701
1.7
1.7
1.699
1.698
1.698
1.697
1.696
1.696
1.695
1.694
1.694
1.693
1.692
1.692
1.691
1.69
1.69
1.689
1.688
1.687
1.687
1.686
1.685
1.685
1.684
1.683
1.682
1.682
1.681
1.68
1.679
1.679
1.678
1.677
1.676
1.676
1.675
1.674
1.673
1.672
1.672
1.671
1.67
1.669
1.668
1.668
1.667
1.666
1.665
1.664
1.664
1.663
1.662
1.661
1.66
1.659
1.659
1.658
1.657
1.656
1.655
1.654
1.654
1.653
1.652
1.651
1.65
1.649
1.648
1.648
1.647
1.646
1.645
1.644
1.643
1.642
1.641
1.641
1.64
1.639
1.638
1.637
1.636
1.635
1.634
1.633
1.632
1.632
1.631
1.63
1.629
1.628
1.627
1.626
1.625
1.624
1.623
1.622
1.621
1.621
1.62
1.619
1.618
1.617
1.616
1.615
1.614
1.613
1.612
1.611
1.61
1.609
1.608
1.607
1.606
1.605
1.604
1.603
1.602
1.601
1.6
1.6
1.599
1.598
1.597
1.596
1.595
1.594
1.593
1.592
1.591
1.59
1.589
1.588
1.587
1.586
1.585
1.584
1.583
1.582
1.581
1.58
1.579
1.578
1.577
1.576
1.575
1.574
1.573
1.572
1.571
1.57
1.569
1.568
1.567
1.566
1.564
1.563
1.562
1.561
1.56
1.559
1.558
1.557
1.556
1.555
1.554
1.553
1.552
1.551
1.55
1.549
1.548
1.547
1.546
1.545
1.544
1.543
1.542
1.541
1.54
1.539
1.537
1.536
1.535
1.534
1.533
1.532
1.531
1.53
1.529
1.528
1.527
1.526
1.525
1.524
1.523
1.522
1.521
1.519
1.518
1.517
1.516
1.515
1.514
1.513
1.512
1.511
1.51
1.509
1.508
1.507
1.506
1.504
1.503
1.502
1.501
1.5
1.499
1.498
1.497
1.496
1.495
1.494
1.493
1.491
1.49
1.489
1.488
1.487
1.486
1.485
1.484
1.483
1.482
1.481
1.479
1.478
1.477
1.476
1.475
1.474
1.473
1.472
1.471
1.47
1.469
1.467
1.466
1.465
1.464
1.463
1.462
1.461
1.46
1.459
1.458
1.456
1.455
1.454
1.453
1.452
1.451
1.45
1.449
1.448
1.447
1.445
1.444
1.443
1.442
1.441
1.44
1.439
1.438
1.437
1.436
1.434
1.433
1.432
1.431
1.43
1.429
1.428
1.427
1.426
1.424
1.423
1.422
1.421
1.42
1.419
1.418
1.417
1.416
1.414
1.413
1.412
1.411
1.41
1.409
1.408
1.407
1.406
1.405
1.403
1.402
1.401
1.4
1.399
1.398
1.397
1.396
1.395
1.393
1.392
1.391
1.39
1.389
1.388
1.387
1.386
1.385
1.383
1.382
1.381
1.38
1.379
1.378
1.377
1.376
1.375
1.373
1.372
1.371
1.37
1.369
1.368
1.367
1.366
1.365
1.363
1.362
1.361
1.36
1.359
1.358
1.357
1.356
1.355
1.353
1.352
1.351
1.35
1.349
1.348
1.347
1.346
1.345
1.343
1.342
1.341
1.34
1.339
1.338
1.337
1.336
1.335
1.333
1.332
1.331
1.33
1.329
1.328
1.327
1.326
1.325
1.324
1.322
1.321
1.32
1.319
1.318
1.317
1.316
1.315
1.314
1.312
1.311
1.31
1.309
1.308
1.307
1.306
1.305
1.304
1.303
1.301
1.3
1.299
1.298
1.297
1.296
1.295
1.294
1.293
1.292
1.29
1.289
1.288
1.287
1.286
1.285
1.284
1.283
1.282
1.281
1.28
1.278
1.277
1.276
1.275
1.274
1.273
1.272
1.271
1.27
1.269
1.267
1.266
1.265
1.264
1.263
1.262
1.261
1.26
1.259
1.258
1.257
1.255
1.254
1.253
1.252
1.251
1.25
1.249
1.248
1.247
1.246
1.245
1.244
1.242
1.241
1.24
1.239
1.238
1.237
1.236
1.235
1.234
1.233
1.232
1.231
1.23
1.228
1.227
1.226
1.225
1.224
1.223
1.222
1.221
1.22
1.219
1.218
1.217
1.216
1.214
1.213
1.212
1.211
1.21
1.209
1.208
1.207
1.206
1.205
1.204
1.203
1.202
1.201
1.199
1.198
1.197
1.196
1.195
1.194
1.193
1.192
1.191
1.19
1.189
1.188
1.187
1.186
1.185
1.184
1.182
1.181
1.18
1.179
1.178
1.177
1.176
1.175
1.174
1.173
1.172
1.171
1.17
1.169
1.168
1.167
1.166
1.165
1.164
1.162
1.161
1.16
1.159
1.158
1.157
1.156
1.155
1.154
1.153
1.152
1.151
1.15
1.149
1.148
1.147
1.146
1.145
1.144
1.143
1.142
1.141
1.14
1.138
1.137
1.136
1.135
1.134
1.133
1.132
1.131
1.13
1.129
1.128
1.127
1.126
1.125
1.124
1.123
1.122
1.121
1.12
1.119
1.118
1.117
1.116
1.115
1.114
1.113
1.112
1.111
1.11
1.109
1.108
1.107
1.106
1.105
1.104
1.103
1.102
1.101
1.1
1.098
1.097
1.096
1.095
1.094
1.093
1.092
1.091
1.09
1.089
1.088
1.087
1.086
1.085
1.084
1.083
1.082
1.081
1.08
1.079
1.078
1.077
1.076
1.075
1.074
1.073
1.072
1.071
1.07
1.069
1.068
1.067
1.066
1.065
1.064
1.063
1.062
1.061
1.06
1.059
1.058
1.057
1.056
1.055
1.054
1.053
1.052
1.051
1.05
1.049
1.048
1.047
1.046
1.046
1.045
1.044
1.043
1.042
1.041
1.04
1.039
1.038
1.037
1.036
1.035
1.034
1.033
1.032
1.031
1.03
1.029
1.028
1.027
1.026
1.025
1.024
1.023
1.022
1.021
1.02
1.019
1.018
1.017
1.016
1.015
1.014
1.013
1.012
1.011
1.01
1.01
1.009
1.008
1.007
1.006
1.005
1.004
1.003
1.002
1.001
1
0.999
0.998
0.997
0.996
0.995
0.994
0.993
0.992
0.991
0.99
0.989
0.989
0.988
0.987
0.986
0.985
0.984
0.983
0.982
0.981
0.98
0.979
0.978
0.977
0.976
0.975
0.974
0.973
0.972
0.972
0.971
0.97
0.969
0.968
0.967
0.966
0.965
0.964
0.963
0.962
0.961
0.96
0.959
0.959
0.958
0.957
0.956
0.955
0.954
0.953
0.952
0.951
0.95
0.949
0.948
0.947
0.946
0.946
0.945
0.944
0.943
0.942
0.941
0.94
0.939
0.938
0.937
0.936
0.936
0.935
0.934
0.933
0.932
0.931
0.93
0.929
0.928
0.927
0.926
0.926
0.925
0.924
0.923
0.922
0.921
0.92
0.919
0.918
0.917
0.916
0.916
0.915
0.914
0.913
0.912
0.911
0.91
0.909
0.908
0.908
0.907
0.906
0.905
0.904
0.903
0.902
0.901
0.9
0.9
0.899
0.898
0.897
0.896
0.895
0.894
0.893
0.892
0.892
0.891
0.89
0.889
0.888
0.887
0.886
0.885
0.885
0.884
0.883
0.882
0.881
0.88
0.879
0.878
0.878
0.877
0.876
0.875
0.874
0.873
0.872
0.871
0.871
0.87
0.869
0.868
0.867
0.866
0.865
0.865
0.864
0.863
0.862
0.861
0.86
0.859
0.859
0.858
0.857
0.856
0.855
0.854
0.853
0.853
0.852
0.851
0.85
0.849
0.848
0.847
0.847
0.846
0.845
0.844
0.843
0.842
0.841
0.841
0.84
0.839
0.838
0.837
0.836
0.836
0.835
0.834
0.833
0.832
0.831
0.831
0.83
0.829
0.828
0.827
0.826
0.826
0.825
0.824
0.823
0.822
0.821
0.821
0.82
0.819
0.818
0.817
0.816
0.816
0.815
0.814
0.813
0.812
0.811
0.811
0.81
0.809
0.808
0.807
0.806
0.806
0.805
0.804
0.803
0.802
0.802
0.801
0.8
0.799
0.798
0.797
0.797
0.796
0.795
0.794
0.793
0.793
0.792
0.791
0.79
0.789
0.789
0.788
0.787
0.786
0.785
0.785
0.784
0.783
0.782
0.781
0.781
0.78
0.779
0.778
0.777
0.777
0.776
0.775
0.774
0.773
0.773
0.772
0.771
0.77
0.769
0.769
0.768
0.767
0.766
0.765
0.765
0.764
0.763
0.762
0.761
0.761
0.76
0.759
0.758
0.758
0.757
0.756
0.755
0.754
0.754
0.753
0.752
0.751
0.751
0.75
0.749
0.748
0.747
0.747
0.746
0.745
0.744
0.744
0.743
0.742
0.741
0.74
0.74
0.739
0.738
0.737
0.737
0.736
0.735
0.734
0.734
0.733
0.732
0.731
0.73
0.73
0.729
0.728
0.727
0.727
0.726
0.725
0.724
0.724
0.723
0.722
0.721
0.721
0.72
0.719
0.718
0.718
0.717
0.716
0.715
0.715
0.714
0.713
0.712
0.712
0.711
0.71
0.709
0.709
0.708
0.707
0.706
0.706
0.705
0.704
0.703
0.703
0.702
0.701
0.7
0.7
0.699
0.698
0.697
0.697
0.696
0.695
0.694
0.694
0.693
0.692
0.692
0.691
0.69
0.689
0.689
0.688
0.687
0.686
0.686
0.685
0.684
0.683
0.683
0.682
0.681
0.681
0.68
0.679
0.678
0.678
0.677
0.676
0.675
0.675
0.674
0.673
0.673
0.672
0.671
0.67
0.67
0.669
0.668
0.668
0.667
0.666
0.665
0.665
0.664
0.663
0.663
0.662
0.661
0.66
0.66
0.659
0.658
0.658
0.657
0.656
0.655
0.655
0.654
0.653
0.653
0.652
0.651
0.651
0.65
0.649
0.648
0.648
0.647
0.646
0.646
0.645
0.644
0.644
0.643
0.642
0.641
0.641
0.64
0.639
0.639
0.638
0.637
0.637
0.636
0.635
0.634
0.634
0.633
0.632
0.632
0.631
0.63
0.63
0.629
0.628
0.628
0.627
0.626
0.626
0.625
0.624
0.623
0.623
0.622
0.621
0.621
0.62
0.619
0.619
0.618
0.617
0.617
0.616
0.615
0.615
0.614
0.613
0.613
0.612
0.611
0.611
0.61
0.609
0.609
0.608
0.607
0.607
0.606
0.605
0.605
0.604
0.603
0.603
0.602
0.601
0.601
0.6
0.599
0.599
0.598
0.597
0.597
0.596
0.595
0.595
0.594
0.593
0.593
0.592
0.591
0.591
0.59
0.589
0.589
0.588
0.587
0.587
0.586
0.585
0.585
0.584
0.583
0.583
0.582
0.581
0.581
0.58
0.58
0.579
0.578
0.578
0.577
0.576
0.576
0.575
0.574
0.574
0.573
0.572
0.572
0.571
0.57
0.57
0.569
0.569
0.568
0.567
0.567
0.566
0.565
0.565
0.564
0.563
0.563
0.562
0.562
0.561
0.56
0.56
0.559
0.558
0.558
0.557
0.556
0.556
0.555
0.555
0.554
0.553
0.553
0.552
0.551
0.551
0.55
0.549
0.549
0.548
0.548
0.547
0.546
0.546
0.545
0.544
0.544
0.543
0.543
0.542
0.541
0.541
0.54
0.54
0.539
0.538
0.538
0.537
0.536
0.536
0.535
0.535
0.534
0.533
0.533
0.532
0.532
0.531
0.53
0.53
0.529
0.528
0.528
0.527
0.527
0.526
0.525
0.525
0.524
0.524
0.523
0.522
0.522
0.521
0.521
0.52
0.519
0.519
0.518
0.518
0.517
0.516
0.516
0.515
0.514
0.514
0.513
0.513
0.512
0.511
0.511
0.51
0.51
0.509
0.509
0.508
0.507
0.507
0.506
0.506
0.505
0.504
0.504
0.503
0.503
0.502
0.501
0.501
0.5
0.5
0.499
0.498
0.498
0.497
0.497
0.496
0.495
0.495
0.494
0.494
0.493
0.493
0.492
0.491
0.491
0.49
0.49
0.489
0.488
0.488
0.487
0.487
0.486
0.486
0.485
0.484
0.484
0.483
0.483
0.482
0.482
0.481
0.48
0.48
0.479
0.479
0.478
0.477
0.477
0.476
0.476
0.475
0.475
0.474
0.473
0.473
0.472
0.472
0.471
0.471
0.47
0.47
0.469
0.468
0.468
0.467
0.467
0.466
0.466
0.465
0.464
0.464
0.463
0.463
0.462
0.462
0.461
0.46
0.46
0.459
0.459
0.458
0.458
0.457
0.457
0.456
0.455
0.455
0.454
0.454
0.453
0.453
0.452
0.452
0.451
0.45
0.45
0.449
0.449
0.448
0.448
0.447
0.447
0.446
0.445
0.445
0.444
0.444
0.443
0.443
0.442
0.442
0.441
0.441
0.44
0.439
0.439
0.438
0.438
0.437
0.437
0.436
0.436
0.435
0.435
0.434
0.433
0.433
0.432
0.432
0.431
0.431
0.43
0.43
0.429
0.429
0.428
0.428
0.427
0.426
0.426
0.425
0.425
0.424
0.424
0.423
0.423
0.422
0.422
0.421
0.421
0.42
0.42
0.419
0.418
0.418
0.417
0.417
0.416
0.416
0.415
0.415
0.414
0.414
0.413
0.413
0.412
0.412
0.411
0.411
0.41
0.41
0.409
0.408
0.408
0.407
0.407
0.406
0.406
0.405
0.405
0.404
0.404
0.403
0.403
0.402
0.402
0.401
0.401
0.4
0.4
0.399
0.399
0.398
0.398
0.397
0.397
0.396
0.396
0.395
0.395
0.394
0.393
0.393
