-1.431386206476520238e+04
-2.548369750319195737e+04
-4.723310842550641974e+04
-4.978381693550777709e+04
-5.684826966033381177e+04
-5.867322597800178482e+04
-6.912224143894297595e+04
-8.129729209995496785e+04
-9.874820688060559041e+04
-1.091579717767348047e+05
-1.274300128807575675e+05
-1.428579536409104476e+05
-1.481575246540040243e+05
-1.589887175057832210e+05
-1.758076688464126782e+05
-1.947891429596520029e+05
-2.399070755675118126e+05
-2.480647309712555725e+05
-2.680881187483821413e+05
-3.355486367524087545e+05
-4.029596185471439385e+05
-4.604052099431815441e+05
-5.567848421252089320e+05
-6.029973501440163236e+05
